#{"length":100,"ensemble_size":5000,"signature":"sq_lattice_bond_percolation__periodic_","delimiter":"	"}
#data at critical occupation probability or pc
#<pc><sites in wrapping cluster><bonds in wrapping cluster>
0.5209	7840	8943
0.50925	7446	8397
0.4673	1762	1929
0.5035	6928	7799
0.4804	3979	4387
0.5111	6158	6941
0.50395	6277	7042
0.46245	2610	2880
0.50535	5238	5871
0.50525	6219	7013
0.49185	5395	6007
0.4967	6648	7395
0.4896	3819	4268
0.5057	6363	7206
0.49735	5656	6320
0.48605	4212	4699
0.496	6939	7723
0.4907	6343	7052
0.49685	5571	6235
0.4915	4807	5328
0.48085	3112	3443
0.4863	5771	6384
0.5004	6708	7521
0.48195	4061	4464
0.48495	4135	4577
0.49195	6691	7478
0.4909	5270	5867
0.4984	6436	7181
0.4842	4584	5058
0.5006	6207	6934
0.49405	5633	6266
0.4985	6398	7140
0.496	5577	6238
0.49815	7056	7930
0.4934	6174	6884
0.50935	6277	7050
0.49755	6391	7168
0.4926	5042	5588
0.48525	2883	3222
0.49285	5909	6565
0.48475	3740	4178
0.4899	4594	5098
0.49655	5286	5918
0.5042	7072	7921
0.48415	3209	3574
0.50925	7281	8193
0.47755	2672	2935
0.5138	7593	8627
0.50445	5867	6602
0.4879	6434	7112
0.47775	5250	5771
0.5092	7549	8510
0.4878	2750	3033
0.49295	5503	6114
0.4907	4320	4846
0.49235	4714	5264
0.4918	4951	5519
0.49205	4951	5515
0.5075	7405	8324
0.48725	5928	6606
0.4929	6614	7350
0.51005	7340	8305
0.50685	7356	8269
0.50925	7928	8915
0.4859	5876	6491
0.5015	6903	7745
0.50945	7629	8635
0.4868	5452	6054
0.4986	5274	5910
0.46845	2724	2999
0.5194	7228	8241
0.4841	4590	5025
0.4929	4780	5373
0.49695	5937	6647
0.48955	5744	6365
0.4803	4635	5132
0.51185	7391	8382
0.49925	6847	7650
0.5083	7041	7939
0.49695	6404	7153
0.49045	5659	6297
0.5078	5110	5753
0.48805	6695	7445
0.47605	1499	1648
0.49345	5730	6431
0.5106	7190	8164
0.5042	6424	7208
0.4872	3231	3558
0.4762	3245	3573
0.50315	5705	6433
0.50695	6582	7440
0.4919	5262	5849
0.4992	6602	7432
0.5069	7473	8426
0.4872	5627	6243
0.50415	7062	7943
0.48905	5165	5757
0.4941	5631	6281
0.50865	6613	7464
0.50165	6053	6751
0.495	5508	6152
0.5053	6238	6996
0.492	5628	6265
0.50425	6409	7149
0.49195	6578	7336
0.49625	6622	7384
0.4969	7037	7852
0.4928	6589	7306
0.49655	6045	6787
0.4836	5496	6086
0.4849	5331	5880
0.50665	7079	7994
0.49085	5827	6520
0.48915	3587	3969
0.50935	5328	6051
0.4795	5359	5879
0.49065	6114	6775
0.51115	7727	8759
0.49285	4143	4591
0.5123	7504	8500
0.495	6748	7570
0.49875	5892	6637
0.4984	6624	7397
0.4961	5814	6489
0.496	4125	4616
0.47675	4841	5374
0.485	4304	4788
0.49655	6544	7304
0.4899	3135	3484
0.49085	5268	5880
0.5007	4671	5253
0.48935	6241	6928
0.4932	4217	4733
0.50495	7161	8084
0.51265	7597	8602
0.49065	5086	5668
0.5119	7405	8418
0.47785	3521	3862
0.50525	6532	7367
0.49365	5950	6644
0.50615	6944	7826
0.48645	5728	6308
0.4981	7473	8335
0.47625	3817	4204
0.4979	6666	7439
0.50515	6436	7239
0.4741	3377	3715
0.48875	3780	4226
0.49405	3961	4406
0.4847	2371	2624
0.4747	3722	4103
0.51255	7361	8282
0.4919	3957	4404
0.5058	6893	7777
0.48765	3519	3895
0.50765	6257	7049
0.48325	5159	5718
0.501	5587	6298
0.4959	6945	7777
0.49275	5633	6278
0.5201	7851	8962
0.4921	5983	6645
0.4881	5359	5973
0.50065	6655	7477
0.48555	3380	3712
0.4892	5915	6550
0.50615	6804	7691
0.48685	4925	5477
0.4913	6447	7185
0.4994	5244	5856
0.48735	5880	6560
0.4918	4993	5535
0.48505	5823	6436
0.4931	6624	7348
0.4916	5647	6277
0.5087	7221	8154
0.4932	6659	7443
0.5075	7658	8587
0.4768	3399	3719
0.48795	6048	6767
0.49835	5187	5795
0.4904	4640	5162
0.4768	4385	4854
0.4915	6010	6707
0.4796	4832	5317
0.49325	6760	7529
0.49735	7257	8087
0.4936	6116	6831
0.49355	6179	6890
0.4953	6390	7106
0.50505	4833	5430
0.4916	5291	5893
0.5018	5934	6597
0.49045	3712	4104
0.51135	7762	8783
0.4921	4653	5157
0.48965	6938	7672
0.49085	3753	4196
0.502	5826	6527
0.4939	6482	7245
0.47805	2920	3228
0.49905	5364	5980
0.4935	4689	5208
0.49515	6466	7155
0.47975	4781	5320
0.4824	4978	5483
0.49695	4922	5496
0.50645	6819	7735
0.4971	5828	6508
0.49875	7292	8144
0.50035	7153	8036
0.49075	5274	5851
0.49315	4689	5252
0.5077	7399	8304
0.49495	5921	6591
0.48885	6594	7306
0.5042	6889	7775
0.48725	4561	5067
0.5077	6630	7475
0.4945	5729	6441
0.49795	7297	8147
0.50665	6374	7187
0.4904	6192	6937
0.4979	7070	7859
0.4881	3909	4319
0.5007	7133	7995
0.50085	6825	7643
0.4936	5198	5804
0.5018	7018	7879
0.5031	6439	7249
0.48165	3285	3617
0.50015	6613	7436
0.476	3774	4169
0.4888	2718	3027
0.48835	6192	6890
0.50115	5859	6515
0.4949	5725	6401
0.5067	4839	5473
0.5092	7677	8643
0.49515	6297	7031
0.4891	5683	6310
0.48665	6154	6809
0.509	7080	7994
0.4843	5900	6530
0.47975	2987	3299
0.4952	6142	6830
0.49	5624	6265
0.4737	3564	3938
0.4917	6732	7510
0.5019	7438	8313
0.50095	6081	6819
0.5098	7377	8342
0.4984	6856	7648
0.4876	1956	2171
0.50085	5099	5732
0.49705	4906	5498
0.48535	6052	6692
0.5002	6748	7566
0.48125	4267	4734
0.50325	6171	6949
0.5041	7466	8391
0.51495	7381	8376
0.49445	6375	7095
0.5019	6712	7528
0.5073	7732	8700
0.47035	2432	2703
0.50045	6199	6947
0.5024	6065	6791
0.50955	7049	7972
0.49665	5831	6545
0.48165	4589	5091
0.49265	6341	7101
0.4867	4032	4509
0.4986	6519	7309
0.4874	5119	5686
0.48295	1992	2195
0.4874	5858	6472
0.50595	6918	7794
0.4911	5871	6566
0.5047	6953	7837
0.49355	5665	6331
0.508	7116	7982
0.4738	3430	3794
0.4809	4180	4603
0.5068	5766	6503
0.5093	6777	7652
0.4844	4927	5462
0.49985	6732	7536
0.4871	6366	7058
0.50515	6873	7755
0.48865	6461	7212
0.48205	2584	2852
0.50195	6585	7393
0.50555	7336	8255
0.49765	6211	6937
0.48825	2422	2693
0.48435	3427	3812
0.5131	7908	8920
0.48895	2709	3007
0.5031	6845	7710
0.4857	4970	5491
0.4853	4973	5521
0.5002	4896	5461
0.5009	7052	7871
0.4939	6266	6984
0.4928	6701	7490
0.49135	6473	7176
0.50165	5120	5765
0.49455	2872	3241
0.4977	4153	4665
0.49905	7071	7877
0.49465	5861	6531
0.48055	5564	6174
0.4825	2814	3099
0.4836	3495	3847
0.4988	6275	7004
0.469	2974	3276
0.49905	5654	6364
0.5032	6399	7181
0.5052	5432	6125
0.492	6279	7002
0.4998	5390	6035
0.4764	3963	4379
0.4879	5274	5847
0.5017	6579	7351
0.5011	6559	7368
0.4946	5668	6352
0.49175	5568	6201
0.4686	3393	3720
0.4901	3527	3917
0.50045	7337	8184
0.49625	5606	6263
0.4987	7253	8099
0.49365	6017	6706
0.4918	2336	2598
0.4697	3934	4352
0.4965	5742	6423
0.5082	7683	8632
0.4981	6709	7505
0.50895	7345	8334
0.4903	4575	5099
0.48755	4174	4637
0.47965	4171	4587
0.5027	6034	6817
0.49	3730	4133
0.4851	4661	5162
0.4784	3739	4129
0.49105	5656	6291
0.4889	6423	7175
0.5148	8061	9140
0.4939	6114	6848
0.49505	4183	4678
0.49805	5431	6074
0.4908	5912	6586
0.4988	4420	4989
0.49705	6365	7129
0.48285	4649	5135
0.5049	6289	7071
0.48745	5219	5770
0.47475	4624	5057
0.49585	4883	5453
0.4894	5679	6297
0.4957	5492	6097
0.4981	5593	6273
0.51005	6875	7727
0.51145	6705	7570
0.5038	6413	7171
0.49665	5478	6169
0.48205	3381	3730
0.49005	5301	5893
0.5071	6275	7071
0.4858	4632	5146
0.50015	5584	6259
0.4843	3960	4399
0.49585	7343	8179
0.50265	6013	6757
0.49075	5807	6454
0.50465	7189	8072
0.5	7319	8216
0.5001	6280	7009
0.4867	2704	2989
0.49415	5125	5698
0.505	5379	6033
0.4943	5954	6662
0.50355	6045	6832
0.50555	6855	7698
0.49695	6053	6756
0.4842	4837	5380
0.4633	1726	1901
0.51665	7843	8943
0.48775	5051	5602
0.496	5161	5783
0.49055	5304	5900
0.5004	6028	6802
0.4926	5694	6378
0.49355	6132	6872
0.49075	5165	5761
0.50615	6926	7794
0.46905	3410	3748
0.49075	5957	6640
0.49895	6850	7663
0.48775	5340	5941
0.5005	6219	7017
0.49665	5981	6678
0.5002	6798	7598
0.5114	7565	8549
0.49725	6845	7609
0.47585	2648	2901
0.50115	7183	8072
0.4914	5592	6223
0.50705	7487	8454
0.4851	5058	5560
0.49915	5650	6345
0.4924	6537	7255
0.5061	7135	7986
0.5136	7387	8366
0.4943	6612	7348
0.51865	5771	6546
0.4991	6575	7376
0.4975	5847	6567
0.4847	6475	7187
0.4841	5863	6492
0.5053	7498	8402
0.49955	6459	7213
0.49235	4367	4848
0.4995	7137	8009
0.50555	6824	7709
0.4987	6162	6889
0.4952	2983	3337
0.488	5353	5957
0.47985	5231	5767
0.50435	5756	6479
0.5026	3349	3737
0.47485	1614	1780
0.48845	5706	6384
0.49455	6514	7239
0.50485	7090	7983
0.49175	4764	5284
0.49755	6431	7202
0.4691	3248	3587
0.504	7075	8004
0.5139	7654	8717
0.49435	5023	5603
0.4846	4039	4444
0.49025	2947	3282
0.49185	2795	3087
0.4979	5496	6129
0.48775	5992	6648
0.47565	3403	3785
0.48455	4822	5333
0.5001	7052	7868
0.48955	5819	6467
0.503	6568	7381
0.485	6286	6974
0.50605	6750	7608
0.4978	6547	7329
0.47575	3074	3369
0.4929	6071	6755
0.5058	6233	6993
0.5034	7178	8070
0.4976	6360	7109
0.4887	5538	6194
0.50815	7009	7915
0.4874	4601	5127
0.4908	5047	5677
0.5067	6978	7872
0.51155	7523	8466
0.49205	6099	6771
0.49755	5665	6311
0.48825	5903	6562
0.49345	4730	5281
0.513	7515	8510
0.5027	6041	6791
0.49685	6459	7220
0.48305	4437	4890
0.49745	5745	6433
0.46455	833	917
0.4917	6311	7026
0.50435	6205	6962
0.49035	4398	4895
0.49635	6428	7189
0.51295	7689	8742
0.48665	3860	4333
0.4927	6315	7019
0.4917	4419	4904
0.49295	4799	5348
0.49335	6500	7239
0.50085	5965	6724
0.49965	4692	5247
0.49765	6717	7532
0.4834	5182	5765
0.4576	1828	2001
0.48385	4120	4566
0.494	5800	6463
0.50555	6616	7439
0.5031	6765	7610
0.5051	6817	7690
0.4969	6766	7547
0.49365	6074	6799
0.49625	6312	7053
0.49725	5789	6495
0.50145	5833	6601
0.4875	6061	6735
0.49235	5592	6221
0.5118	7051	7970
0.48825	2696	2974
0.4979	6390	7140
0.49465	5761	6416
0.48475	4976	5514
0.4947	7339	8138
0.5076	7278	8238
0.4833	4489	4968
0.5005	6299	7089
0.49185	6709	7444
0.4874	3737	4147
0.49775	6364	7118
0.50565	7221	8131
0.501	5227	5864
0.4973	6522	7277
0.4884	5966	6629
0.48725	4503	5019
0.4964	5807	6503
0.49435	5745	6408
0.50475	6214	7034
0.4951	2804	3151
0.47985	5526	6102
0.49665	5623	6276
0.4767	4406	4844
0.5051	7029	7943
0.49025	6575	7338
0.4954	5524	6152
0.49805	7087	7918
0.494	2944	3292
0.4909	5660	6310
0.5066	6225	7011
0.4956	5970	6654
0.4755	1640	1803
0.48635	3589	3976
0.48605	4457	4934
0.50615	7287	8201
0.49825	7055	7899
0.48805	6289	7053
0.49935	6653	7396
0.5025	6478	7273
0.496	5319	5980
0.48775	6119	6801
0.50995	7674	8683
0.48075	3012	3334
0.49575	7167	8014
0.502	6006	6761
0.4948	6299	7044
0.49175	5430	6062
0.49605	5196	5806
0.49505	5074	5708
0.49225	6173	6895
0.4812	4533	5011
0.48435	4260	4744
0.4994	7344	8220
0.49135	5433	6082
0.4908	5027	5637
0.49535	6016	6748
0.5037	7206	8089
0.4958	2824	3157
0.49875	6510	7306
0.49445	5469	6145
0.50005	4270	4804
0.49305	5046	5616
0.4857	5462	6067
0.49535	3213	3604
0.49485	5136	5750
0.4895	4577	5099
0.50795	6343	7195
0.47665	3986	4400
0.50545	7209	8131
0.47485	4459	4888
0.50575	7529	8482
0.4952	5463	6112
0.4846	5744	6352
0.48105	5817	6369
0.4908	4436	4931
0.50215	7336	8210
0.50255	6582	7327
0.4867	3668	4086
0.5081	5428	6134
0.50795	7336	8250
0.4893	5798	6476
0.4973	6620	7355
0.50935	6806	7727
0.4963	6630	7392
0.50085	6686	7506
0.4878	3458	3830
0.49095	4509	5022
0.49775	3799	4223
0.50375	6568	7394
0.50305	6762	7593
0.4618	2234	2453
0.5056	5853	6563
0.49995	6355	7129
0.5094	7434	8380
0.5088	7577	8537
0.492	3893	4311
0.49095	3427	3816
0.5053	5103	5775
0.50025	5172	5803
0.5142	7545	8536
0.4908	5605	6238
0.49175	4800	5352
0.49095	5278	5861
0.48965	6241	6910
0.47075	2391	2641
0.5021	4385	4890
0.4906	6440	7154
0.48015	4558	5024
0.488	5258	5803
0.4947	4240	4721
0.5029	5492	6139
0.4957	5060	5667
0.49255	3053	3394
0.48545	5169	5720
0.50925	7740	8744
0.50455	5219	5887
0.49245	6903	7675
0.50585	7591	8532
0.48515	3982	4460
0.4945	6524	7306
0.4871	5677	6304
0.48445	5671	6289
0.5022	6307	7058
0.4865	5596	6197
0.49145	5337	5964
0.4976	4974	5558
0.5012	7311	8180
0.48775	4721	5255
0.4819	5559	6150
0.49645	7082	7878
0.4936	5055	5662
0.50625	7242	8178
0.50175	5284	5942
0.5006	7162	8003
0.4931	4838	5344
0.50415	6056	6788
0.5044	7001	7918
0.4794	4163	4592
0.4895	5665	6321
0.49385	4816	5387
0.4999	5828	6596
0.48705	5382	6001
0.49565	5960	6663
0.5016	4438	4982
0.4946	4934	5549
0.5086	7133	8058
0.5018	7321	8218
0.5116	7051	7948
0.49795	7035	7865
0.4892	5230	5836
0.4873	5209	5810
0.4966	6322	7052
0.49565	6349	7097
0.4815	3454	3811
0.4941	5088	5699
0.49885	3352	3767
0.50335	5629	6317
0.49785	7165	8029
0.4968	4904	5494
0.47005	2031	2220
0.5014	6870	7708
0.5028	4673	5269
0.49555	6407	7138
0.49495	5469	6135
0.5039	7138	8032
0.5159	7515	8564
0.50575	7507	8438
0.4963	5664	6364
0.50045	6400	7221
0.48855	4840	5359
0.4831	5744	6327
0.48215	3735	4155
0.50255	7111	8045
0.50235	6175	6940
0.4868	5848	6501
0.50745	6534	7384
0.48815	5021	5553
0.48225	5585	6175
0.48725	5375	5964
0.49025	3416	3808
0.50105	6522	7309
0.4806	2655	2952
0.4977	6866	7675
0.5137	5924	6699
0.4939	5532	6189
0.48885	4504	4979
0.47505	3027	3363
0.4986	6347	7057
0.4866	4949	5482
0.48425	4250	4733
0.4849	4949	5469
0.5031	3220	3640
0.46415	1433	1574
0.4948	6340	7082
0.49635	6924	7741
0.4764	4313	4754
0.5034	6838	7692
0.49555	6791	7593
0.49765	7008	7805
0.4955	6948	7730
0.51025	6737	7648
0.4871	5456	6033
0.4953	5560	6240
0.5006	7305	8208
0.49565	6264	7016
0.4761	2843	3170
0.5038	6711	7538
0.5037	5848	6603
0.4978	5966	6676
0.50605	6165	6943
0.4855	4199	4678
0.51065	7147	8065
0.49005	6118	6793
0.5139	7399	8410
0.50305	7158	8027
0.4885	3863	4267
0.50805	7114	8061
0.4781	3669	4071
0.48535	6031	6669
0.50835	6528	7418
0.5061	6876	7765
0.4894	5529	6125
0.49875	3919	4403
0.50785	7177	8080
0.48095	4021	4456
0.4875	4395	4873
0.5169	8000	9084
0.49895	4777	5362
0.4989	4202	4724
0.48115	3432	3783
0.48275	5917	6550
0.503	6023	6782
0.50225	4840	5430
0.5009	6139	6869
0.48675	5065	5589
0.4919	7199	7985
0.4872	6501	7249
0.49215	3062	3418
0.50875	7476	8427
0.4856	4735	5206
0.4854	5852	6474
0.4952	6333	7086
0.4939	7177	7975
0.4863	4550	5073
0.48365	4238	4694
0.492	4426	4948
0.47275	2666	2895
0.495	6057	6737
0.49805	3078	3448
0.4923	5428	6022
0.48895	5983	6631
0.488	4003	4465
0.49625	2433	2692
0.4959	5942	6665
0.50715	7192	8122
0.4809	5042	5578
0.48805	4550	5081
0.5041	7267	8138
0.49155	5684	6338
0.4957	6658	7464
0.49545	5905	6579
0.48295	4405	4849
0.4988	2914	3266
0.4812	4176	4595
0.4981	6193	6926
0.49425	6353	7025
0.5001	5562	6229
0.50255	6957	7823
0.48415	3361	3775
0.5009	7225	8047
0.4918	5432	6076
0.49515	4111	4580
0.4892	4699	5220
0.49075	5276	5862
0.48115	5519	6112
0.48535	5074	5650
0.49175	2956	3316
0.48125	2794	3087
0.47655	4624	5096
0.48255	4582	5103
0.48845	4942	5476
0.48415	5346	5939
0.4886	6794	7513
0.49175	5999	6649
0.49295	6812	7546
0.4894	6213	6881
0.4946	5275	5867
0.49105	5954	6623
0.50195	7395	8298
0.5034	5338	5998
0.48155	4606	5131
0.5052	4271	4855
0.49275	5669	6262
0.5056	6269	7106
0.4858	4786	5302
0.4968	5700	6387
0.48375	2343	2624
0.5046	6481	7301
0.5039	6710	7553
0.49795	5307	5927
0.50635	5290	5997
0.4909	5528	6161
0.4809	2671	2960
0.49635	6191	6919
0.49685	6242	6968
0.5112	7367	8315
0.4877	3793	4205
0.4851	4677	5167
0.48965	3035	3379
0.50415	5482	6194
0.5019	5260	5908
0.48315	6347	6984
0.4864	3645	4100
0.49615	2823	3170
0.4894	3648	4047
0.49035	5698	6343
0.5026	7126	7993
0.50215	6102	6844
0.4792	2041	2222
0.5107	6855	7779
0.50795	6993	7918
0.5018	6202	6962
0.49455	6063	6740
0.50165	7606	8528
0.51155	7513	8492
0.5087	6842	7737
0.48295	5473	6043
0.49235	5598	6257
0.4986	7168	7995
0.4728	3772	4185
0.50105	6370	7135
0.49625	7449	8287
0.4997	6698	7508
0.5137	5474	6190
0.4963	5482	6129
0.50495	5368	6057
0.49165	6170	6897
0.5056	6218	6974
0.49105	4714	5284
0.50065	4699	5287
0.4982	7346	8247
0.4913	4388	4899
0.5085	7432	8352
0.4873	2484	2777
0.4871	5244	5844
0.4919	4946	5505
0.50185	6982	7856
0.50275	6703	7515
0.5024	6636	7434
0.50085	6374	7187
0.4904	4427	4915
0.48525	3076	3407
0.4829	5156	5756
0.5	4339	4857
0.50045	6567	7357
0.50525	6377	7152
0.4937	6008	6724
0.48905	7189	7953
0.50105	2281	2555
0.4778	3219	3547
0.4905	5277	5888
0.49735	5661	6348
0.48795	5610	6261
0.49865	5041	5608
0.4667	3639	3965
0.49675	5957	6652
0.4999	6998	7817
0.50085	7437	8340
0.4991	6350	7099
0.4925	5669	6346
0.4833	6605	7313
0.50095	6214	6964
0.48105	5252	5783
0.50855	7779	8753
0.5086	6952	7861
0.5085	7372	8308
0.4969	6269	7019
0.49395	6280	6967
0.46715	2910	3191
0.4934	5355	5996
0.4935	5741	6441
0.47485	4004	4426
0.48635	5578	6189
0.4911	4455	4975
0.50865	7359	8285
0.50185	6495	7316
0.5029	6955	7814
0.48985	6272	6977
0.5018	7450	8337
0.4945	6087	6765
0.47715	4921	5410
0.5053	7455	8395
0.50395	4951	5583
0.48685	4458	4965
0.48585	4004	4435
0.49255	6109	6785
0.48265	3314	3664
0.50185	4469	5052
0.49565	5562	6197
0.5139	7672	8659
0.50075	5742	6433
0.4856	3356	3707
0.48145	4962	5527
0.4889	6512	7214
0.4947	6346	7070
0.4878	6034	6685
0.4708	2932	3239
0.51825	7602	8652
0.4761	1937	2157
0.5058	7443	8374
0.51075	7595	8585
0.4806	3992	4406
0.49035	4239	4707
0.4995	6664	7471
0.499	6634	7432
0.50225	6999	7840
0.49695	6674	7479
0.4971	6422	7205
0.50355	5698	6412
0.4848	5312	5836
0.49415	3539	3932
0.50015	6323	7058
0.4655	3550	3863
0.4969	3172	3572
0.49555	6667	7414
0.4978	6314	7091
0.4892	2433	2715
0.4778	4337	4770
0.49205	6272	6993
0.49115	4243	4703
0.50055	7255	8146
0.4825	4321	4807
0.4971	4718	5249
0.4854	3572	4002
0.48995	5320	5911
0.5056	7434	8346
0.50805	5638	6350
0.50665	7079	7990
0.4888	5156	5768
0.50925	7538	8539
0.4987	5530	6179
0.50045	3229	3678
0.4918	6132	6851
0.48825	4699	5240
0.4904	5612	6262
0.49615	5599	6296
0.48465	5980	6628
0.50285	7295	8204
0.49035	5900	6560
0.4795	4262	4683
0.49045	5913	6566
0.46355	2039	2255
0.4858	4413	4917
0.48475	4086	4542
0.50935	7014	7945
0.49255	5280	5884
0.48955	5242	5829
0.5018	7236	8107
0.49225	5397	6006
0.50055	2546	2868
0.50275	6672	7457
0.48335	5738	6333
0.4961	3840	4316
0.48925	4247	4742
0.4806	4835	5306
0.49165	6313	7021
0.5023	5703	6399
0.49805	6614	7357
0.49135	6488	7239
0.49525	6272	7007
0.50145	4962	5548
0.4887	6321	6999
0.4759	2964	3257
0.49205	7114	7890
0.4948	6037	6711
0.5054	6835	7741
0.50555	7137	8047
0.5001	6982	7798
0.49305	6111	6810
0.50065	5990	6721
0.4948	5937	6620
0.51335	7496	8491
0.48765	5264	5859
0.5021	5769	6521
0.4792	2644	2927
0.50425	5388	6045
0.4905	6379	7068
0.50685	6266	7088
0.50595	6750	7593
0.5098	7207	8106
0.48675	5681	6282
0.49	3804	4252
0.47725	2646	2918
0.48125	4747	5254
0.5148	7365	8384
0.4962	4634	5158
0.50025	5523	6184
0.5033	4777	5359
0.48505	5652	6299
0.50285	3016	3364
0.4981	6887	7678
0.4884	4967	5507
0.4645	1926	2106
0.48175	4479	4977
0.4966	5628	6294
0.5027	5214	5852
0.48375	3258	3618
0.48375	2342	2573
0.4911	5953	6560
0.4978	5768	6456
0.48465	3529	3895
0.5104	7780	8749
0.51445	7424	8427
0.48315	3191	3544
0.502	6515	7306
0.5041	5430	6082
0.48485	4980	5534
0.4828	3111	3444
0.4978	4934	5561
0.5062	6383	7220
0.4853	4127	4575
0.48845	6637	7371
0.50625	6805	7671
0.4917	3663	4056
0.50095	6821	7676
0.47885	3258	3610
0.49765	6012	6718
0.48775	5421	6015
0.4823	3391	3768
0.482	5025	5567
0.5048	6859	7732
0.4994	6544	7306
0.48025	3586	3961
0.4741	4258	4685
0.4869	4733	5306
0.5058	6266	7059
0.48305	4676	5168
0.481	3490	3869
0.4905	6019	6713
0.51065	7053	7957
0.48595	6142	6812
0.48885	6534	7269
0.48665	2748	3071
0.5047	6693	7519
0.48515	4319	4782
0.4953	6343	7059
0.49365	6066	6759
0.49655	6847	7659
0.48355	6557	7267
0.4853	5829	6440
0.4974	5802	6518
0.49205	6158	6857
0.5018	7243	8095
0.47075	4493	4941
0.503	5200	5839
0.48325	3526	3906
0.49355	5767	6395
0.5075	7006	7872
0.5031	4656	5227
0.4987	6091	6813
0.4792	3457	3816
0.48305	4031	4462
0.4996	7030	7903
0.5096	7540	8534
0.50045	5514	6166
0.4926	6239	6923
0.4875	6346	7014
0.48515	2112	2359
0.4734	3884	4277
0.50575	6897	7759
0.49755	5942	6672
0.4894	4438	4922
0.4907	6096	6778
0.4912	5489	6151
0.5082	6980	7852
0.49135	6821	7597
0.48995	5919	6554
0.4939	5726	6361
0.501	6017	6736
0.49495	6206	6918
0.48855	6365	7054
0.49345	3050	3375
0.4878	3493	3894
0.4977	6430	7167
0.4909	5643	6274
0.5013	7287	8189
0.5054	5549	6239
0.49575	6837	7664
0.4799	3440	3803
0.50695	6943	7857
0.49675	6900	7750
0.4944	4011	4524
0.51135	7333	8294
0.4962	6240	6980
0.496	5349	5985
0.49605	7081	7910
0.47835	1679	1860
0.5022	7431	8310
0.49895	6593	7399
0.50095	6112	6877
0.50655	7502	8463
0.502	6639	7455
0.48485	4275	4713
0.5095	4933	5550
0.5069	7376	8313
0.48435	3651	4019
0.5043	6734	7588
0.4944	5311	5942
0.48445	4590	5112
0.50695	7320	8257
0.49495	6283	6997
0.5017	6151	6865
0.5028	6961	7858
0.49945	7095	7948
0.47915	3468	3848
0.50985	4198	4727
0.4922	5746	6399
0.49855	6198	6947
0.5064	6485	7316
0.4879	4878	5443
0.50135	6703	7530
0.49725	6566	7315
0.4909	5129	5703
0.49865	5980	6729
0.5112	7603	8581
0.4789	4790	5318
0.49615	6700	7473
0.49925	6694	7489
0.51025	6636	7510
0.50975	6745	7639
0.48565	4687	5168
0.50155	6088	6828
0.4862	5605	6190
0.51045	7372	8310
0.49215	5894	6539
0.4731	3416	3762
0.4854	4365	4845
0.4951	3622	4065
0.5018	7082	7934
0.47985	3715	4132
0.4854	3668	4070
0.47945	3719	4103
0.48035	3794	4193
0.4999	4031	4494
0.4837	6076	6726
0.4729	5217	5731
0.4871	4532	5054
0.4983	5008	5618
0.50255	7024	7870
0.4971	5716	6381
0.49475	5315	5908
0.4888	4537	5065
0.4914	4170	4614
0.497	7346	8215
0.5024	4561	5134
0.498	4653	5206
0.49605	5464	6102
0.5019	5902	6645
0.47945	4397	4879
0.49065	6360	7070
0.47775	3561	3932
0.4901	6286	6945
0.49935	6878	7676
0.4833	5606	6199
0.4889	4689	5187
0.5143	7989	9053
0.5123	7794	8809
0.48575	5090	5613
0.50775	6354	7199
0.48695	4470	4945
0.51735	7639	8714
0.5078	6852	7742
0.5051	6794	7674
0.52445	7902	9052
0.4951	7146	7962
0.505	6865	7707
0.4951	6141	6895
0.50565	5926	6623
0.49445	6975	7773
0.4978	4710	5301
0.48445	4842	5355
0.5014	5609	6301
0.48715	5461	6118
0.4825	3504	3856
0.4877	4155	4613
0.4792	3031	3347
0.4957	6426	7172
0.5024	5096	5709
0.4896	4531	5027
0.49355	4750	5308
0.48945	2819	3177
0.4996	5939	6657
0.49875	6603	7383
0.5033	6484	7280
0.4999	6647	7434
0.47485	3111	3410
0.48325	5307	5871
0.48175	4457	4893
0.473	4783	5264
0.4883	4730	5279
0.4847	5388	5933
0.4987	4910	5547
0.4946	6397	7124
0.50015	6619	7376
0.49465	6374	7113
0.4745	3703	4103
0.5023	4208	4718
0.4899	5621	6240
0.5	6921	7770
0.50035	5205	5831
0.49785	6987	7795
0.49145	5365	6007
0.5035	6722	7577
0.49005	5729	6373
0.4884	5616	6226
0.4754	1665	1853
0.48655	5736	6361
0.48945	6052	6753
0.4895	4829	5397
0.50695	6974	7888
0.49845	7324	8186
0.51035	7594	8571
0.49955	6645	7433
0.4779	4541	4964
0.4966	6639	7393
0.4851	4188	4636
0.48855	2507	2809
0.49655	6147	6857
0.4986	7224	8065
0.5064	7802	8753
0.5012	6859	7710
0.48945	4842	5366
0.48895	6393	7083
0.5023	6984	7789
0.48095	5037	5566
0.48835	5783	6433
0.49405	6379	7056
0.488	5266	5855
0.4987	5730	6430
0.4929	6526	7249
0.4841	2988	3299
0.50585	6738	7625
0.5095	7655	8641
0.49525	6219	6938
0.48745	3432	3830
0.50575	7284	8209
0.4906	5863	6540
0.47885	4012	4380
0.49525	4040	4466
0.498	6109	6889
0.50015	7093	7931
0.484	3348	3746
0.48615	5300	5889
0.49615	6430	7158
0.4952	4658	5206
0.4942	5177	5797
0.50325	6601	7415
0.49755	5388	5981
0.4992	7230	8110
0.49165	5883	6568
0.51115	7566	8562
0.50285	6717	7552
0.495	5671	6334
0.4951	5133	5703
0.5026	6509	7298
0.51165	7029	7971
0.4871	5942	6578
0.49355	6380	7109
0.4993	7059	7881
0.4971	6406	7147
0.495	4524	5043
0.49335	5922	6591
0.49835	7071	7901
0.5093	7571	8547
0.4895	6921	7632
0.4981	6727	7527
0.46865	3202	3508
0.49505	6241	6971
0.5047	7263	8132
0.50605	5917	6696
0.49005	5326	5901
0.47755	3777	4151
0.49935	4932	5521
0.4789	5961	6569
0.5034	6841	7695
0.50635	7096	7967
0.49575	5693	6375
0.49065	4890	5462
0.4778	3408	3784
0.50435	7289	8203
0.501	6810	7664
0.4836	4042	4481
0.4816	4195	4629
0.4963	3487	3865
0.4902	4665	5197
0.48365	4229	4651
0.4935	3030	3387
0.5122	7766	8781
0.4848	5751	6370
0.5103	7726	8714
0.4986	4855	5390
0.50015	4606	5190
0.50085	5888	6612
0.5114	6990	7924
0.49725	6595	7393
0.5019	6583	7427
0.4791	3128	3426
0.48485	5557	6191
0.4992	6670	7455
0.49885	6048	6741
0.5019	6035	6754
0.4794	4012	4404
0.5108	7899	8910
0.50335	5827	6578
0.4899	5495	6137
0.4892	5817	6417
0.49705	5991	6691
0.4877	4389	4868
0.4954	5811	6507
0.52005	8147	9273
0.4832	3715	4118
0.506	6814	7660
0.48925	5327	5932
0.49365	3487	3892
0.48405	4016	4454
0.4993	5910	6601
0.49655	6240	6963
0.4982	3811	4281
0.49475	5274	5920
0.4844	4327	4814
0.49675	5707	6411
0.50955	6635	7464
0.51325	7760	8785
0.48935	4861	5412
0.49695	5933	6616
0.48695	4627	5146
0.4959	6445	7248
0.5119	7747	8774
0.4757	2529	2794
0.4827	5255	5744
0.4837	4111	4555
0.49545	6048	6807
0.4877	4613	5094
0.49115	5550	6161
0.5005	6323	7079
0.50185	5844	6575
0.5004	7071	7945
0.4933	6559	7260
0.50455	6001	6765
0.4958	4529	5066
0.5145	7727	8778
0.49005	6310	7039
0.5007	7227	8116
0.476	3518	3881
0.49245	5814	6493
0.505	6667	7507
0.48835	6191	6855
0.49605	5699	6334
0.4988	6830	7652
0.5097	7096	8011
0.48775	6223	6909
0.4937	5960	6609
0.51365	6290	7134
0.4724	2560	2828
0.51795	7839	8877
0.4944	5943	6610
0.487	6240	6922
0.49345	6145	6850
0.48985	5283	5868
0.50295	7025	7909
0.5146	7722	8765
0.5029	7300	8217
0.4966	5873	6559
0.50015	6423	7171
0.4842	5532	6149
0.49715	7073	7902
0.49035	5791	6466
0.48455	4735	5237
0.5079	6413	7290
0.50015	6843	7679
0.49865	5092	5690
0.5064	6881	7742
0.49355	4729	5298
0.4948	5211	5820
0.48205	3978	4398
0.48355	1707	1907
0.49475	4946	5506
0.48925	4338	4846
0.49435	2647	2929
0.4961	6812	7589
0.5031	6977	7802
0.5093	7934	8935
0.49975	7337	8208
0.49325	5936	6608
0.50055	5969	6717
0.4954	3799	4222
0.5028	6752	7538
0.49615	5711	6415
0.49115	6008	6684
0.4865	4274	4731
0.48145	4319	4773
0.5066	7153	8087
0.48075	5589	6206
0.49555	6822	7587
0.48305	3329	3688
0.5051	6734	7542
0.49935	4671	5241
0.48985	4364	4872
0.48995	3857	4314
0.50955	7827	8803
0.4984	6722	7486
0.493	4636	5209
0.48215	3086	3436
0.5034	6868	7745
0.50325	5452	6115
0.48675	5527	6122
0.50705	7432	8362
0.48545	4382	4857
0.50115	6069	6829
0.49585	5692	6373
0.499	5631	6330
0.50415	7471	8435
0.4895	5172	5783
0.50765	7143	8048
0.50665	6943	7823
0.4982	7362	8199
0.49785	6757	7593
0.48025	2766	3078
0.5028	3193	3609
0.5181	7937	9013
0.49655	5011	5611
0.48365	5048	5632
0.5117	7194	8116
0.50075	6839	7711
0.49135	5809	6487
0.4937	5918	6554
0.50795	7613	8557
0.47835	4900	5427
0.49485	6449	7219
0.4878	2208	2453
0.49075	5249	5857
0.4939	6037	6780
0.4954	4233	4742
0.5098	6593	7438
0.49085	5993	6648
0.4802	5484	6029
0.47685	4322	4787
0.4906	5340	5945
0.48975	3472	3859
0.4961	5328	5987
0.4974	6792	7570
0.4901	5912	6578
0.48425	4254	4697
0.485	6134	6762
0.48875	6619	7294
0.48725	5076	5619
0.50325	5928	6640
0.49775	4309	4798
0.49475	6909	7717
0.49895	5748	6481
0.4759	2554	2819
0.4872	5636	6259
0.47685	1888	2081
0.5081	7639	8595
0.4952	4677	5221
0.49195	4736	5272
0.4875	4563	5042
0.4935	5683	6388
0.50625	7072	7985
0.48105	3814	4187
0.49995	7325	8175
0.4881	6090	6746
0.4912	6729	7512
0.47625	2088	2296
0.50585	6468	7287
0.50215	6864	7703
0.4856	3435	3788
0.4986	2746	3091
0.49235	4846	5407
0.4949	6474	7215
0.505	6341	7120
0.4971	6848	7649
0.4919	5054	5605
0.5043	4187	4713
0.5068	5145	5803
0.49945	6211	6945
0.5051	6859	7732
0.4987	3541	4006
0.50225	6541	7353
0.4762	2798	3081
0.48935	5080	5636
0.50725	7142	8083
0.4949	6602	7396
0.4888	2832	3169
0.4948	2583	2850
0.48295	3801	4204
0.5016	6744	7563
0.49185	5611	6257
0.49205	5233	5820
0.49915	6839	7640
0.49275	4094	4569
0.50055	7036	7877
0.48595	5881	6530
0.50545	7118	8027
0.50315	6530	7308
0.4968	4668	5196
0.49505	5327	6000
0.4945	5960	6644
0.49145	5036	5599
0.48925	4253	4694
0.51385	7384	8351
0.50015	5087	5695
0.502	6539	7330
0.50165	6182	6897
0.4869	4970	5523
0.49095	5434	6060
0.47875	3353	3715
0.49655	7014	7860
0.50775	7357	8298
0.4955	6114	6829
0.4794	2603	2885
0.49225	6266	7004
0.4782	2499	2761
0.50685	5972	6743
0.5065	5811	6505
0.507	7777	8753
0.48585	4582	5091
0.49425	6573	7322
0.48395	4905	5422
0.4921	4624	5169
0.5147	7598	8616
0.49935	5080	5685
0.48805	6815	7588
0.5075	7567	8512
0.50565	7209	8158
0.50065	7015	7823
0.4937	6457	7225
0.5074	6095	6869
0.4921	4748	5314
0.48465	5636	6255
0.49235	5527	6115
0.48735	5115	5736
0.4959	4812	5378
0.4811	5002	5556
0.485	5675	6271
0.4995	5769	6482
0.4799	1662	1849
0.4953	6251	6941
0.496	6339	7081
0.4976	5853	6589
0.4884	5701	6333
0.4882	6590	7309
0.4989	6326	7111
0.4879	4680	5226
0.48305	6069	6682
0.4817	2654	2932
0.4907	3665	4088
0.493	6275	6968
0.4966	7079	7890
0.51305	7148	8089
0.4991	5789	6492
0.4785	4055	4474
0.49115	4028	4490
0.50325	6542	7289
0.4857	5253	5837
0.51265	5102	5819
0.50835	7774	8794
0.48765	6720	7426
0.4954	6739	7504
0.5193	7946	9024
0.4998	6932	7736
0.50015	5407	6060
0.4894	4232	4734
0.47635	4532	4961
0.49995	6598	7371
0.50505	7108	7992
0.4951	6877	7696
0.48375	4301	4774
0.492	4168	4660
0.49915	5536	6155
0.51065	7968	8991
0.4927	3063	3428
0.4882	5870	6463
0.50175	6476	7312
0.50425	6673	7483
0.48255	5683	6263
0.4976	5686	6363
0.52275	8044	9188
0.48765	2497	2756
0.49715	6056	6818
0.50025	6891	7787
0.48375	3305	3681
0.4906	5957	6640
0.4873	5421	6019
0.48655	5456	6026
0.4877	3933	4389
0.5023	3397	3799
0.50705	7191	8071
0.48325	4786	5302
0.4912	5068	5608
0.49465	5051	5643
0.4966	6433	7196
0.498	6655	7473
0.47655	5686	6243
0.49165	5385	5979
0.4954	5823	6465
0.49115	5619	6241
0.4836	3014	3319
0.48955	5452	6091
0.48335	3263	3595
0.50625	6291	7084
0.48985	5978	6636
0.502	7032	7907
0.4987	7027	7865
0.5114	7527	8527
0.4989	4402	4945
0.47925	4230	4694
0.49575	5980	6675
0.48965	6695	7419
0.50205	7201	8069
0.51005	6692	7587
0.4958	6389	7152
0.48595	4631	5149
0.5035	7038	7894
0.49675	5842	6554
0.5113	6859	7771
0.49255	6132	6879
0.4854	2670	2959
0.497	5489	6159
0.4939	3367	3752
0.5103	6467	7339
0.4839	5479	6029
0.49455	6828	7594
0.50765	7514	8466
0.4877	5573	6187
0.48365	4477	4990
0.4956	6698	7459
0.50225	4539	5130
0.50115	4780	5379
0.48405	4040	4473
0.4996	5015	5573
0.49465	4819	5381
0.49125	4870	5391
0.50045	7278	8164
0.48775	4106	4572
0.5072	7845	8814
0.47425	4853	5365
0.47125	3679	4011
0.49265	5143	5706
0.4819	2166	2422
0.4917	4507	5001
0.49025	5192	5754
0.4988	6466	7247
0.49125	6299	6984
0.49225	4281	4747
0.49445	3125	3494
0.49065	2913	3228
0.4992	6126	6829
0.4931	6185	6843
0.49495	5668	6357
0.51625	8105	9205
0.48775	4782	5297
0.47695	1863	2056
0.51305	7536	8590
0.4813	4241	4672
0.4951	4797	5375
0.49305	5559	6174
0.51185	7746	8733
0.50405	7215	8071
0.45895	2466	2680
0.49185	4991	5597
0.49365	5958	6649
0.4913	5128	5721
0.49735	5963	6687
0.48745	5990	6629
0.47665	3136	3462
0.4762	4373	4828
0.49425	6259	6996
0.494	7104	7915
0.499	6255	7035
0.49465	6545	7313
0.4893	4669	5221
0.49685	6967	7750
0.50615	7586	8559
0.492	4781	5294
0.48525	3696	4097
0.5073	7182	8104
0.4734	4162	4561
0.4975	6824	7656
0.49095	6562	7291
0.50445	6122	6905
0.5063	6215	7000
0.49285	5827	6504
0.4947	3802	4290
0.4915	4653	5182
0.4889	4829	5374
0.4806	4668	5139
0.5103	6215	7063
0.4942	5762	6424
0.5061	5701	6423
0.48835	6078	6748
0.4977	6050	6747
0.495	5648	6301
0.4869	2916	3239
0.49385	5359	5999
0.50755	6321	7060
0.4782	4517	4991
0.49435	6799	7574
0.48035	4428	4893
0.4873	3387	3787
0.5188	7882	8962
0.49585	4157	4648
0.50105	6940	7805
0.5008	6785	7603
0.49575	5788	6462
0.4992	7075	7922
0.4951	5458	6072
0.46635	1733	1921
0.51125	7616	8583
0.4953	6485	7235
0.4939	4620	5172
0.51005	7558	8521
0.4895	4593	5111
0.51135	5421	6147
0.4932	5928	6635
0.4994	7232	8126
0.4839	4145	4530
0.4806	2351	2607
0.50495	7273	8174
0.49445	4752	5279
0.5012	7196	8061
0.50525	4699	5273
0.49655	6935	7711
0.49525	6114	6878
0.5007	6525	7299
0.49305	6738	7512
0.50205	7081	7939
0.49245	6370	7072
0.4951	5753	6430
0.5008	4018	4529
0.48935	3729	4166
0.49655	5033	5637
0.5085	5941	6707
0.4988	6671	7469
0.4998	4090	4613
0.4911	6117	6839
0.5009	6461	7239
0.50095	6433	7222
0.5106	7505	8453
0.4634	3275	3573
0.504	5857	6585
0.4945	4967	5517
0.4938	5101	5722
0.47475	3799	4178
0.48855	6535	7247
0.50335	7124	8000
0.4962	3765	4191
0.47485	2264	2496
0.481	2938	3248
0.4962	6186	6891
0.48465	4983	5490
0.49145	5979	6667
0.48325	3318	3693
0.49465	4579	5141
0.4981	4616	5147
0.49275	4948	5520
0.4881	4228	4731
0.49265	5139	5716
0.49145	4616	5160
0.4896	5814	6498
0.4933	4093	4538
0.49075	5999	6686
0.5079	6254	7106
0.50505	6941	7818
0.50005	6372	7148
0.4881	5798	6442
0.4837	2540	2823
0.5011	6798	7626
0.5039	5033	5680
0.48495	5171	5744
0.48395	3292	3642
0.496	5360	6013
0.50945	4705	5274
0.4672	4365	4760
0.5116	7709	8688
0.5103	7413	8327
0.50725	6273	7088
0.49295	3100	3456
0.4887	5429	6024
0.48795	5149	5710
0.4565	3101	3400
0.5004	5613	6276
0.49805	6952	7773
0.48505	6007	6619
0.5046	7653	8582
0.4941	7650	8492
0.4941	4759	5334
0.50495	6471	7313
0.49525	5442	6065
0.4939	5767	6460
0.49925	7027	7853
0.48745	5149	5703
0.49035	6649	7401
0.50495	7443	8384
0.49265	5546	6191
0.48615	4299	4742
0.50325	7362	8254
0.49865	6396	7120
0.4935	3822	4310
0.4941	5235	5847
0.4726	4200	4626
0.4969	6644	7439
0.4921	4951	5511
0.50735	6941	7801
0.4878	4483	4972
0.49165	4525	5016
0.48905	3615	4035
0.5002	5476	6149
0.504	7665	8618
0.49165	3669	4099
0.48715	5965	6635
0.4915	6573	7306
0.4948	5381	5989
0.49495	5033	5614
0.51535	7872	8935
0.49155	2549	2845
0.5005	5680	6405
0.50655	6295	7103
0.4677	2644	2920
0.5107	7416	8347
0.4986	6742	7489
0.49235	4748	5290
0.48835	4505	4997
0.4885	5995	6663
0.49855	5772	6506
0.49465	5191	5819
0.48995	3852	4338
0.51545	7797	8827
0.50725	7402	8344
0.5078	6557	7397
0.50025	6175	6942
0.4735	3068	3381
0.50345	7081	7949
0.49175	6021	6739
0.5006	6528	7296
0.4942	6012	6701
0.4971	6662	7473
0.47785	3984	4410
0.50145	6067	6825
0.50175	7526	8427
0.4886	3557	3946
0.5023	5202	5841
0.49715	6965	7776
0.5023	6596	7385
0.483	4042	4473
0.4997	6254	7017
0.4941	5967	6661
0.5015	6123	6855
0.49855	7317	8163
0.48665	4746	5263
0.49055	3892	4340
0.4955	6683	7453
0.48425	3893	4331
0.49565	6626	7407
0.49125	5016	5586
0.4952	4578	5109
0.51905	7495	8546
0.4895	6368	7045
0.47915	3382	3731
0.5108	5632	6386
0.48395	3266	3640
0.5134	7545	8504
0.5134	7100	8029
0.50045	6750	7566
0.5087	6822	7736
0.5	5059	5671
0.4984	4730	5282
0.48985	4123	4595
0.50155	7579	8500
0.49495	5315	5926
0.489	5794	6406
0.51245	6889	7821
0.4939	6672	7436
0.50205	6725	7560
0.47225	2436	2679
0.5191	7869	8960
0.48805	3524	3919
0.49435	4943	5530
0.4753	3922	4338
0.5014	4987	5594
0.488	5973	6611
0.47485	2169	2393
0.49445	6832	7634
0.4947	6613	7346
0.48245	4322	4759
0.5076	7447	8387
0.48505	5101	5645
0.49945	6974	7823
0.5077	7060	7944
0.50405	7751	8661
0.49455	6312	7059
0.4867	4344	4842
0.49185	5779	6433
0.48915	6011	6702
0.4952	6655	7468
0.50175	7187	8087
0.478	4233	4703
0.5127	6978	7896
0.5034	4727	5317
0.4895	5061	5636
0.5045	7344	8224
0.48865	3729	4159
0.48615	3964	4383
0.4951	6350	7057
0.50835	7400	8334
0.5109	3918	4396
0.4952	4441	4978
0.5039	7317	8218
0.4883	3679	4115
0.5118	6732	7666
0.50085	6066	6829
0.4888	6863	7616
0.4938	6239	6996
0.5001	6761	7519
0.49525	5995	6686
0.50475	6497	7314
0.49245	5642	6330
0.51945	8038	9153
0.4998	5556	6218
0.49915	6085	6797
0.492	6773	7495
0.4923	4778	5328
0.50285	6125	6896
0.4957	4767	5399
0.48675	5506	6134
0.503	6418	7212
0.49585	6400	7161
0.5029	6273	7080
0.50075	6845	7697
0.47475	3301	3606
0.4899	6263	6965
0.4853	3244	3639
0.49045	4600	5154
0.4857	5295	5869
0.49325	6186	6898
0.49905	5831	6501
0.51005	5863	6647
0.49085	5611	6258
0.46725	2392	2630
0.50645	6909	7759
0.4874	6146	6807
0.5077	7194	8125
0.4697	5042	5542
0.4938	5073	5682
0.4943	4931	5525
0.47995	3448	3806
0.49005	6217	6912
0.48945	4884	5422
0.4974	6741	7547
0.50015	5633	6320
0.49795	6275	7063
0.5096	7579	8544
0.4781	5538	6128
0.4954	6859	7620
0.47285	2123	2367
0.5057	6966	7860
0.50185	7086	7957
0.4981	7331	8189
0.5094	7512	8489
0.5013	4977	5577
0.501	6228	7017
0.4866	2853	3180
0.50675	7372	8294
0.50375	3525	3990
0.5051	6925	7776
0.4839	4163	4588
0.49045	5798	6473
0.49325	6635	7360
0.4876	3207	3547
0.5079	7183	8072
0.49505	6371	7115
0.4635	2315	2520
0.5148	7981	9047
0.48935	4486	4960
0.5035	6776	7607
0.5016	6368	7115
0.4902	3940	4389
0.4953	6566	7311
0.49235	6130	6881
0.4978	5958	6673
0.48225	5498	6089
0.4833	5883	6503
0.50695	6891	7774
0.49445	6370	7128
0.49275	6410	7173
0.49325	6004	6693
0.497	4603	5177
0.4921	5864	6528
0.4867	5678	6270
0.5109	7309	8305
0.48815	5447	6044
0.4697	2085	2284
0.4911	5409	5992
0.50775	5889	6681
0.49535	6524	7280
0.48775	4681	5216
0.4899	5679	6295
0.50005	6639	7413
0.5086	7311	8254
0.48485	5693	6318
0.50295	4694	5255
0.50745	7006	7879
0.48105	4509	4992
0.49725	5846	6562
0.49445	5521	6126
0.4873	6016	6727
0.49385	6426	7201
0.51135	6815	7717
0.48195	4507	4987
0.5034	6697	7517
0.49875	6655	7420
0.50305	6687	7519
0.46255	2297	2550
0.4871	4571	5076
0.50735	6840	7665
0.5139	7738	8748
0.47845	4691	5196
0.49365	5817	6489
0.49605	6551	7334
0.50875	6855	7740
0.51195	6611	7506
0.4981	2601	2912
0.49475	6779	7611
0.5009	7404	8278
0.4933	5365	5986
0.5022	6027	6756
0.48345	2238	2506
0.5073	6669	7533
0.4845	5143	5692
0.48995	6759	7536
0.50235	6278	7032
0.49655	4782	5363
0.5009	7383	8302
0.50025	5764	6445
0.4855	3681	4065
0.51145	5567	6311
0.50655	7467	8392
0.5035	4581	5172
0.4841	5704	6308
0.4881	4315	4752
0.5081	6685	7519
0.5045	6492	7305
0.50955	7131	8031
0.49605	6028	6764
0.4756	1639	1816
0.47885	2502	2759
0.5026	5657	6381
0.50025	5406	6083
0.49655	6691	7494
0.4943	6504	7334
0.50855	6381	7220
0.4915	4016	4467
0.47515	3992	4442
0.4938	6392	7162
0.4959	6211	6933
0.48745	3847	4262
0.4864	6285	6990
0.5055	5634	6360
0.48625	5663	6303
0.495	6488	7273
0.4845	5041	5577
0.4853	5964	6612
0.48335	3353	3705
0.47945	2363	2619
0.49415	6356	7066
0.5009	3636	4044
0.4961	4259	4778
0.49075	6441	7184
0.4899	5591	6245
0.4892	4826	5391
0.4986	5304	5948
0.5091	7585	8573
0.49835	6935	7797
0.48215	5745	6360
0.4863	5936	6576
0.4975	5809	6513
0.49895	3173	3573
0.48725	2974	3280
0.4852	3352	3723
0.49265	6242	6976
0.4872	5580	6179
0.499	6319	7049
0.50105	5250	5917
0.49285	5327	5964
0.487	5975	6626
0.50305	6044	6807
0.49865	5464	6113
0.48655	3219	3564
0.493	6630	7350
0.48845	5068	5637
0.4912	5831	6497
0.50105	7188	8058
0.49495	4501	5038
0.4928	6703	7454
0.4933	5982	6690
0.5011	5859	6603
0.4952	5407	6067
0.4873	4845	5410
0.4972	5389	5990
0.4747	4003	4408
0.4924	6822	7569
0.49585	5461	6095
0.51295	6457	7279
0.50465	6981	7863
0.4714	3455	3771
0.49345	4875	5429
0.478	4909	5418
0.49905	7580	8477
0.49725	5014	5616
0.503	7212	8089
0.4884	3468	3806
0.4825	4526	5000
0.49065	5792	6457
0.50265	6352	7111
0.49375	5582	6228
0.5095	6469	7304
0.50555	7284	8204
0.5075	6146	6951
0.49425	6713	7492
0.49585	6489	7201
0.48855	3283	3637
0.49315	6155	6921
0.50885	7315	8302
0.49865	5820	6515
0.49835	6958	7768
0.5118	6298	7155
0.5081	6398	7244
0.4932	6495	7274
0.49475	5934	6644
0.4979	5543	6203
0.47675	2731	3006
0.49245	5928	6593
0.4895	5997	6648
0.49845	5658	6364
0.4808	3732	4126
0.50125	7413	8306
0.4917	4209	4666
0.4824	4959	5522
0.4971	6839	7627
0.50755	5979	6752
0.49285	7014	7827
0.49055	5577	6209
0.4913	3403	3808
0.5163	7693	8737
0.50215	7729	8650
0.4892	2224	2444
0.50485	5801	6546
0.50025	3798	4266
0.50135	6902	7757
0.48155	4207	4672
0.49	3620	4044
0.49685	4122	4587
0.4907	3132	3495
0.4879	4564	5090
0.5009	6587	7380
0.5028	6226	6964
0.52275	7644	8712
0.5028	6872	7760
0.4945	5361	5956
0.47525	2920	3215
0.4884	5960	6573
0.49465	4668	5223
0.49165	6099	6780
0.4922	5293	5918
0.5029	3322	3759
0.50185	4422	4934
0.49315	4822	5383
0.50355	7215	8098
0.50545	6920	7849
0.50595	6358	7191
0.4914	5656	6295
0.4956	5459	6074
0.488	5433	6000
0.5097	7441	8416
0.48785	6244	6963
0.4801	4610	5085
0.504	5268	5934
0.48765	5369	5935
0.4977	5736	6419
0.5003	5431	6127
0.4807	5150	5686
0.51235	7249	8187
0.50105	6780	7570
0.49455	6093	6801
0.5283	8451	9734
0.4829	3470	3843
0.49565	4434	4938
0.49675	6385	7105
0.5086	7285	8203
0.4862	2505	2806
0.49725	7101	7976
0.5038	7144	8026
0.49085	5587	6219
0.4999	7349	8214
0.4865	5607	6232
0.49425	6384	7112
0.4991	4865	5428
0.50385	7090	7973
0.51645	7226	8226
0.5012	6061	6835
0.48035	4696	5176
0.49775	5870	6567
0.5013	6559	7395
0.4795	5036	5563
0.48735	2819	3143
0.4865	5586	6185
0.47515	3756	4158
0.4983	3388	3818
0.49825	6545	7305
0.4894	7022	7773
0.50695	7710	8736
0.4746	2700	2944
0.4934	3117	3479
0.49685	5618	6289
0.4664	3026	3330
0.4846	5474	6120
0.48365	5277	5836
0.4864	5440	6057
0.49395	5556	6217
0.48425	4690	5212
0.4959	5272	5913
0.4886	4650	5162
0.4983	7071	7907
0.50045	6005	6727
0.49005	6462	7163
0.4955	5607	6267
0.4988	7349	8181
0.5002	6523	7335
0.4887	5135	5716
0.50585	6376	7153
0.4996	5164	5792
0.51595	7142	8134
0.50155	4295	4800
0.47935	4664	5116
0.5095	7638	8603
0.4916	5309	5865
0.48365	4757	5256
0.47705	3063	3364
0.4765	3155	3508
0.5074	7147	8075
0.5068	7135	8032
0.4819	4964	5499
0.5041	5293	5984
0.5094	5699	6462
0.492	5095	5701
0.52005	7750	8832
0.5062	6649	7537
0.4974	6006	6707
0.4905	5030	5603
0.51035	6595	7481
0.4888	3594	3978
0.5193	7477	8541
0.5072	4818	5400
0.5101	6590	7481
0.5082	7721	8683
0.49975	4521	5075
0.4779	2108	2329
0.4992	6310	7056
0.4883	3916	4331
0.4927	6418	7126
0.49135	6480	7242
0.4919	3502	3878
0.5012	6829	7661
0.49665	6156	6904
0.5012	4006	4503
0.48935	4333	4818
0.5127	7522	8527
0.491	5757	6387
0.47225	3903	4275
0.4954	6431	7213
0.47945	3722	4116
0.4912	5756	6414
0.50605	5287	5968
0.4989	4531	5097
0.49785	5706	6383
0.4844	3210	3589
0.48945	6698	7430
0.501	7216	8084
0.4913	3894	4342
0.4933	5913	6610
0.5016	7182	8068
0.4914	6687	7394
0.5017	6652	7442
0.4851	2532	2836
0.4907	5801	6499
0.5046	7647	8532
0.4778	4555	5006
0.5019	6115	6873
0.49865	3789	4225
0.48915	6200	6879
0.5006	4840	5417
0.4875	4200	4672
0.489	5115	5658
0.48375	3193	3552
0.49025	5333	5940
0.483	5664	6285
0.48985	5033	5561
0.5104	6865	7774
0.48795	3987	4404
0.4985	5750	6442
0.4899	6449	7178
0.50515	6382	7186
0.50315	6727	7547
0.5169	7070	8042
0.5046	6758	7607
0.49065	3091	3464
0.48905	5180	5772
0.5003	5886	6623
0.48685	4590	5094
0.4763	4192	4623
0.4891	6503	7218
0.5041	6972	7810
0.4826	5508	6098
0.50435	4358	4924
0.4924	5860	6548
0.49165	5904	6552
0.49185	5553	6165
0.4934	6784	7558
0.48	5329	5896
0.4818	3671	4073
0.48375	3774	4168
0.4924	3183	3577
0.4813	3751	4180
0.49645	5629	6290
0.49915	6832	7666
0.49055	5703	6326
0.50015	6119	6842
0.483	5978	6639
0.4949	4798	5362
0.49335	6129	6850
0.49305	5796	6454
0.4777	3023	3296
0.4953	6324	7048
0.4967	4978	5586
0.49565	6478	7215
0.499	6858	7657
0.4963	6159	6911
0.50465	7336	8235
0.5098	7695	8680
0.49355	3207	3614
0.502	6241	7033
0.50115	6740	7559
0.475	3667	4041
0.48815	5885	6548
0.49675	6042	6753
0.47945	3431	3778
0.48775	4791	5331
0.48385	4795	5318
0.50535	6012	6752
0.50765	7861	8832
0.5013	7124	7938
0.4963	5883	6574
0.49535	4668	5201
0.4793	4673	5173
0.51945	7595	8647
0.4912	3320	3732
0.49915	5610	6278
0.50725	6675	7498
0.49205	6368	7090
0.4886	5344	5903
0.49665	6328	7105
0.5096	7913	8925
0.49425	4100	4580
0.48115	4322	4760
0.5014	6434	7222
0.48465	5445	6047
0.49955	6449	7207
0.50015	4000	4492
0.49525	3794	4226
0.50135	4678	5268
0.5062	5047	5691
0.48775	2575	2849
0.4879	5963	6626
0.47845	4517	5002
0.5055	7114	7987
0.488	4270	4722
0.47155	2255	2488
0.48925	5986	6651
0.492	6067	6749
0.5044	6796	7649
0.5048	4800	5409
0.5077	4188	4733
0.5085	6690	7563
0.50755	7694	8648
0.4997	4371	4912
0.48695	5205	5729
0.5053	6243	7040
0.4952	4765	5331
0.4725	2483	2743
0.5039	6983	7864
0.5057	7427	8315
0.4838	5769	6421
0.4878	6344	7049
0.4934	4773	5339
0.4861	5886	6515
0.487	5588	6180
0.493	5582	6174
0.4801	4745	5245
0.49445	6959	7766
0.4786	3302	3652
0.4908	5745	6395
0.4967	5300	5902
0.47095	2104	2335
0.4822	5034	5585
0.48425	3475	3873
0.4953	5790	6529
0.50395	4336	4897
0.4939	5515	6175
0.48655	4972	5520
0.48575	3927	4397
0.4981	7138	7985
0.49025	5411	6026
0.4736	3165	3485
0.49075	6305	7030
0.50095	3580	4041
0.49355	6676	7430
0.4822	3641	4052
0.5187	7840	8910
0.4931	7596	8407
0.4828	5021	5563
0.48605	3695	4121
0.50025	5477	6191
0.49925	5794	6459
0.48945	6494	7183
0.49835	6542	7301
0.48535	4012	4476
0.48735	5376	6017
0.4962	6391	7133
0.50435	5862	6633
0.4812	4183	4581
0.50275	6934	7823
0.4974	5933	6636
0.48005	3337	3704
0.5021	6145	6898
0.49725	5445	6116
0.49365	2751	3072
0.5056	7580	8557
0.4985	3938	4464
0.47895	2808	3109
0.4911	6684	7440
0.49745	6456	7220
0.50065	6591	7364
0.50685	6870	7720
0.50245	6369	7153
0.4909	5564	6189
0.4957	6552	7302
0.4993	6774	7594
0.48705	2456	2726
0.4982	5865	6523
0.49965	5617	6307
0.49915	6360	7144
0.50055	6023	6736
0.51555	7411	8419
0.5065	6752	7555
0.5038	6235	7033
0.50015	6808	7592
0.4919	6100	6758
0.49745	5219	5835
0.4843	3744	4147
0.49145	6240	6950
0.5025	7034	7921
0.50515	7360	8299
0.50255	7245	8087
0.4918	5816	6423
0.49445	6847	7634
0.4933	6349	7125
0.4919	4842	5420
0.51875	8078	9218
0.4875	3227	3558
0.5095	5562	6310
0.4996	5333	5999
0.4819	5154	5708
0.4913	5885	6567
0.4928	6255	6992
0.49525	5478	6116
0.50375	5467	6133
0.5032	6656	7488
0.49065	5398	5983
0.48215	2816	3119
0.5059	6460	7274
0.50645	6343	7123
0.4975	7355	8219
0.479	4177	4622
0.4873	4304	4801
0.4876	4263	4712
0.4954	6919	7731
0.4982	5748	6491
0.50495	7073	7952
0.5005	6609	7378
0.4971	4620	5171
0.492	4100	4569
0.49785	6686	7497
0.4865	5770	6408
0.50895	7309	8255
0.50235	6609	7397
0.4928	6461	7222
0.4949	5476	6149
0.49405	6824	7600
0.4985	6690	7519
0.51215	7495	8457
0.4889	3370	3749
0.4989	6449	7237
0.48645	5308	5919
0.50005	5019	5694
0.47675	3384	3727
0.4976	7063	7932
0.50885	5993	6765
0.495	4090	4580
0.4922	4126	4592
0.5067	6563	7383
0.4879	6288	7011
0.49285	5042	5609
0.505	6828	7645
0.478	5165	5735
0.4832	3941	4342
0.48905	6385	7095
0.48215	4404	4888
0.49085	4097	4563
0.4901	4087	4511
0.4902	5484	6115
0.49465	7226	7998
0.5057	5842	6593
0.49365	5016	5584
0.48895	5390	5960
0.50145	3267	3638
0.5042	6354	7167
0.4873	5788	6414
0.50195	7294	8174
0.48915	6381	7065
0.47235	4212	4674
0.51585	7640	8618
0.4881	5246	5858
0.46605	2677	2928
0.47985	2515	2799
0.49625	5980	6699
0.4887	5117	5649
0.47805	4725	5224
0.5031	7137	8010
0.48525	2125	2348
0.49945	6667	7444
0.4898	4002	4463
0.5023	5637	6378
0.48265	5112	5690
0.5035	5488	6193
0.50295	6897	7749
0.49525	5340	5989
0.5001	7544	8457
0.5157	8148	9205
0.50365	6156	6901
0.481	3770	4175
0.50315	6116	6893
0.47955	3418	3798
0.5073	6265	7032
0.48865	5843	6481
0.49095	3425	3787
0.4985	5415	6016
0.5022	7446	8395
0.4832	5067	5625
0.51145	6969	7902
0.4798	4849	5382
0.50255	6441	7203
0.49065	2198	2431
0.49885	5923	6687
0.48355	4446	4930
0.5029	5737	6432
0.49325	5877	6559
0.48465	3140	3496
0.5039	6859	7750
0.49275	5864	6513
0.49345	5547	6177
0.4838	3357	3734
0.4979	6052	6794
0.4897	6287	7001
0.5207	7741	8828
0.48095	3553	3949
0.51875	7625	8702
0.49975	4728	5316
0.5074	6893	7799
0.50405	6580	7422
0.49875	5826	6509
0.47865	4468	4918
0.50145	6425	7252
0.50875	6684	7591
0.5142	7262	8277
0.4771	3664	4062
0.4881	5609	6245
0.49565	6195	6896
0.48195	1875	2098
0.4971	6485	7244
0.50885	4841	5443
0.4985	4513	5043
0.48895	6324	7033
0.4986	6065	6791
0.4912	3122	3494
0.4929	6249	6957
0.48825	5794	6417
0.50465	5565	6262
0.49195	5448	6033
0.4843	3009	3335
0.49885	5973	6690
0.4901	3928	4384
0.4852	3872	4277
0.4844	4304	4784
0.4995	5355	5999
0.49245	6332	7061
0.49395	4587	5107
0.4881	3523	3947
0.5072	7482	8443
0.5098	7508	8459
0.5023	6376	7147
0.4924	4547	5085
0.5207	8003	9111
0.50585	6335	7158
0.5	6414	7230
0.49275	3541	3968
0.49615	6936	7752
0.493	5501	6148
0.492	4913	5457
0.4852	2463	2717
0.48835	4870	5421
0.49585	4107	4582
0.48015	2739	3024
0.4816	4168	4592
0.4854	5137	5714
0.49675	5642	6317
0.494	5514	6135
0.48805	6205	6887
0.4893	5935	6588
0.46645	2020	2200
0.4911	3961	4436
0.5111	7785	8773
0.4994	4051	4521
0.4718	2167	2378
0.4916	5172	5748
0.4957	5135	5715
0.50405	6639	7478
0.49155	6568	7285
0.4951	5489	6139
0.5026	4583	5180
0.4864	4687	5222
0.49955	6375	7123
0.4933	5358	5993
0.48925	4465	4958
0.4763	3777	4190
0.5029	6956	7867
0.47955	4801	5321
0.4965	5331	5971
0.51325	7466	8473
0.4996	7215	8086
0.50325	5709	6405
0.5	6839	7684
0.49705	5118	5685
0.50315	6360	7180
0.496	6436	7191
0.49465	6551	7260
0.49865	5134	5745
0.4982	4970	5593
0.49705	6432	7218
0.49825	6664	7478
0.49	3913	4358
0.4978	6385	7154
0.51395	7058	8001
0.4813	4953	5459
0.4939	7327	8159
0.49295	3677	4115
0.5023	7334	8210
0.50865	7230	8162
0.48835	5219	5842
0.4872	5478	6084
0.50505	6828	7687
0.4918	5092	5672
0.4962	6308	7072
0.49535	5350	5986
0.49665	7220	8089
0.4971	6743	7531
0.49065	5699	6337
0.5062	7560	8495
0.49345	4198	4716
0.5129	7594	8596
0.4746	3916	4297
0.48875	6016	6652
0.4963	6470	7241
0.48865	5566	6221
0.5016	7258	8152
0.51095	7705	8707
0.49195	4028	4490
0.49605	4585	5134
0.4989	6543	7330
0.498	5828	6552
0.49305	6047	6760
0.4885	5737	6382
0.49685	6400	7162
0.4956	4945	5528
0.4907	6798	7544
0.52325	8075	9299
0.4941	6518	7258
0.48895	5915	6554
0.4934	6255	6962
0.50005	6343	7122
0.49455	4793	5378
0.4903	6300	6982
0.4917	5561	6163
0.48835	5629	6269
0.50555	7327	8240
0.4939	6308	7044
0.49695	5152	5794
0.4752	4722	5178
0.5067	6321	7167
0.5	7280	8155
0.52	7602	8709
0.5003	6366	7128
0.49645	6858	7667
0.51505	7346	8301
0.4969	6428	7188
0.48755	4150	4606
0.4997	6766	7559
0.48215	3287	3617
0.4967	6315	7062
0.4994	6974	7770
0.4795	2300	2548
0.48025	4125	4564
0.47905	3875	4295
0.4933	5845	6515
0.5084	7721	8676
0.5051	4980	5633
0.49855	6343	7174
0.50605	6297	7090
0.48765	3173	3514
0.48855	4769	5313
0.50165	7435	8380
0.4787	4069	4501
0.4957	6469	7239
0.501	5774	6475
0.49285	6476	7189
0.5044	6401	7184
0.51015	6457	7336
0.48965	5993	6663
0.50495	7013	7892
0.5084	4798	5398
0.5135	7087	8060
0.4955	6148	6907
0.5016	6608	7385
0.49615	5146	5766
0.49355	6519	7241
0.49075	5078	5634
0.4884	3868	4270
0.4922	4357	4856
0.4911	2545	2842
0.4934	5748	6415
0.49305	5352	5980
0.4821	5460	6051
0.48045	5055	5578
0.48765	5138	5718
0.50455	6782	7641
0.49965	7100	7933
0.4832	5269	5857
0.4942	5623	6294
0.51105	7907	8962
0.49595	6516	7260
0.51645	7669	8678
0.4996	7106	7955
0.4983	5482	6122
0.4849	2037	2257
0.4834	5887	6517
0.4964	5765	6433
0.495	4361	4869
0.49345	6471	7199
0.4899	5277	5867
0.5028	7033	7890
0.49865	5183	5813
0.50365	7509	8444
0.503	6965	7831
0.50785	5069	5707
0.4943	6629	7437
0.5057	6997	7887
0.49715	5998	6711
0.5099	7862	8867
0.5011	6974	7789
0.48875	4830	5377
0.4824	4238	4711
0.492	4459	4961
0.50575	6926	7832
0.49705	6114	6837
0.4974	6646	7440
0.5235	8096	9218
0.49575	7046	7828
0.4884	5310	5877
0.48995	2684	2990
0.5008	6412	7227
0.4783	5329	5828
0.5127	6855	7752
0.4917	5825	6483
0.51115	7231	8130
0.4887	6024	6670
0.49355	5985	6662
0.5027	5545	6213
0.472	3857	4245
0.49775	5920	6643
0.49015	3767	4166
0.4712	3025	3336
0.4786	3968	4344
0.4905	3909	4357
0.4831	6007	6633
0.4853	4460	4937
0.49245	5826	6486
0.50025	4704	5277
0.49545	6028	6722
0.50185	5937	6719
0.48175	4590	5100
0.4926	5276	5890
0.4897	4532	5026
0.484	4311	4799
0.50385	6501	7313
0.495	5890	6562
0.5023	5041	5657
0.5142	7321	8333
0.4934	2658	2933
0.4931	5555	6185
0.5047	7081	7964
0.48715	5037	5593
0.50475	6340	7144
0.50525	7139	8030
0.4991	4768	5326
0.49275	5971	6674
0.4995	6314	7059
0.48905	5034	5606
0.494	5214	5850
0.4896	4883	5408
0.49185	4485	4968
0.4976	6488	7246
0.48625	2827	3152
0.4814	4654	5125
0.5056	6424	7255
0.49855	6970	7756
0.50995	4961	5600
0.5054	7241	8170
0.49535	6958	7755
0.50365	7050	7944
0.48655	5026	5571
0.4943	5047	5642
0.50535	6399	7177
0.47325	2488	2749
0.5111	7796	8847
0.4806	4808	5298
0.48615	4901	5434
0.49595	6478	7229
0.5039	7572	8493
0.48545	5994	6631
0.50165	6137	6880
0.51	7993	8992
0.50025	5165	5829
0.4876	3043	3405
0.4997	6456	7249
0.48115	4266	4760
0.4934	5846	6505
0.5078	3867	4337
0.48945	5332	5952
0.4887	6156	6838
0.4981	5538	6203
0.487	4499	4983
0.4957	6440	7206
0.488	4048	4478
0.49205	6415	7133
0.5017	6769	7642
0.495	5677	6342
0.50515	6174	6959
0.506	7658	8606
0.5046	6972	7832
0.5093	7651	8622
0.4831	4020	4428
0.5031	7551	8484
0.50345	7223	8121
0.50265	6724	7582
0.4927	5395	6051
0.4973	6408	7177
0.4839	5563	6155
0.47785	3530	3892
0.5041	5934	6702
0.49545	6778	7602
0.4951	4885	5482
0.51175	6877	7770
0.47635	4887	5392
0.51125	7299	8253
0.50315	5346	6018
0.504	6258	7062
0.50425	7077	7965
0.50075	6278	7068
0.4893	2366	2600
0.50505	7651	8596
0.48295	4372	4825
0.4947	6562	7299
0.4883	4348	4782
0.49275	6771	7535
0.48085	3559	3924
0.4928	6128	6844
0.4942	3738	4181
0.5095	7753	8737
0.4989	7434	8297
0.5033	6824	7713
0.5016	6685	7505
0.4898	2850	3190
0.4949	6473	7204
0.49395	4265	4810
0.48405	2510	2802
0.4911	6557	7289
0.4879	4022	4471
0.49105	5160	5716
0.501	6902	7714
0.4993	5858	6542
0.4844	5258	5802
0.5002	6637	7455
0.47445	4273	4721
0.48715	4343	4812
0.4946	5089	5631
0.49945	6283	7042
0.49625	5823	6519
0.4918	4748	5264
0.50755	6846	7732
0.50205	6393	7212
0.5126	7465	8445
0.5041	6144	6937
0.483	2975	3277
0.4957	5527	6139
0.4947	5772	6451
0.4862	4188	4607
0.499	7516	8405
0.48845	4455	4919
0.4991	2783	3099
0.50655	6901	7773
0.50725	6931	7800
0.4883	3139	3462
0.4874	4466	4986
0.4911	5706	6356
0.49185	6547	7297
0.50015	6576	7320
0.4904	4976	5497
0.508	7281	8194
0.51025	7237	8209
0.49555	3967	4429
0.4692	2639	2892
0.49105	4549	5069
0.5019	4072	4571
0.4722	3132	3436
0.48795	6281	6994
0.49405	6075	6800
0.5127	7633	8654
0.4812	4655	5166
0.492	6899	7651
0.4908	5595	6230
0.5058	6716	7632
0.48935	4971	5566
0.4886	5362	5937
0.49005	4505	5020
0.496	5830	6494
0.47995	2533	2801
0.5054	6555	7382
0.49325	6343	7062
0.4927	4669	5220
0.49075	5235	5817
0.47055	3097	3430
0.50155	7264	8167
0.48925	4316	4805
0.5043	7082	7980
0.49515	6132	6817
0.49365	4992	5575
0.48715	2397	2687
0.49415	5071	5663
0.479	2825	3121
0.48445	3470	3843
0.48295	2781	3110
0.47855	4100	4506
0.4867	3910	4306
0.4809	4100	4500
0.5211	7671	8714
0.49825	6405	7221
0.49615	5348	5988
0.5049	6301	7079
0.4831	4489	5006
0.50475	6796	7631
0.4928	4972	5552
0.50345	6547	7359
0.50025	7375	8273
0.50475	7406	8330
0.5083	7376	8321
0.4797	4367	4844
0.47675	1701	1862
0.5019	7061	7936
0.493	5824	6499
0.51235	7584	8567
0.48615	5392	5989
0.49515	5548	6136
0.49835	6231	6957
0.50205	6387	7199
0.5065	7413	8377
0.49645	7058	7880
0.4939	6805	7566
0.5016	6657	7493
0.48885	5309	5884
0.4743	2226	2460
0.4971	7060	7848
0.47475	2116	2354
0.47435	3974	4363
0.4888	6140	6845
0.4966	6414	7170
0.4751	2061	2245
0.50205	6126	6889
0.48015	3057	3369
0.4944	4024	4465
0.49155	4636	5189
0.4779	3610	3986
0.49575	4823	5387
0.47845	3084	3409
0.50405	6988	7819
0.49125	5799	6456
0.50415	7397	8317
0.49235	6228	6965
0.4973	6434	7187
0.50145	7185	8062
0.4937	5398	5999
0.495	5507	6130
0.492	4668	5212
0.5083	6743	7642
0.4969	5996	6667
0.4821	4553	5033
0.5015	3567	3989
0.50475	7304	8182
0.49055	6590	7301
0.48475	4578	5064
0.5191	4861	5506
0.50425	7045	7909
0.49405	5259	5885
0.4939	6467	7214
0.5009	5369	6055
0.49165	4807	5419
0.4874	3216	3578
0.5012	4790	5381
0.4953	5424	6042
0.48175	5185	5728
0.50845	6972	7853
0.5101	6768	7675
0.49815	7227	8084
0.4941	5437	6061
0.48815	6407	7093
0.4968	6539	7341
0.48995	3112	3456
0.4971	4158	4685
0.50895	7653	8643
0.4913	5178	5773
0.49255	3685	4143
0.5061	6509	7335
0.4886	5522	6172
0.5008	6519	7281
0.50215	6747	7567
0.49295	6144	6851
0.4906	6291	6953
0.5037	5964	6709
0.5006	6850	7670
0.4918	4395	4906
0.50105	6888	7680
0.5	5416	6074
0.4968	5279	5901
0.50105	6265	7012
0.5083	6980	7855
0.488	5164	5743
0.4992	5722	6366
0.4958	5705	6404
0.48845	4069	4547
0.4876	5229	5793
0.47635	4703	5154
0.4902	5422	6001
0.47535	2497	2734
0.49945	6972	7803
0.50455	6993	7887
0.4933	4651	5173
0.5013	6613	7428
0.50755	7029	7936
0.48955	4402	4905
0.4994	7117	7943
0.49355	5639	6253
0.5059	7404	8322
0.48495	5255	5812
0.5151	7627	8632
0.50055	6261	7021
0.50225	5667	6390
0.50175	5923	6652
0.50145	6245	7014
0.4937	4247	4720
0.51785	8081	9186
0.4741	2350	2607
0.4776	2018	2222
0.49615	5971	6653
0.4766	3879	4269
0.51275	7748	8747
0.495	6267	7017
0.48645	4668	5157
0.47965	5893	6459
0.49645	7018	7849
0.483	5075	5585
0.5013	5958	6666
0.5026	6345	7138
0.5016	5741	6490
0.49205	4986	5545
0.492	5448	6081
0.4837	5263	5791
0.49815	6213	6979
0.49795	7252	8066
0.4994	7332	8205
0.48055	4897	5390
0.4867	4343	4831
0.48785	5810	6500
0.50375	5615	6374
0.48825	3725	4138
0.50035	5190	5844
0.4894	6874	7602
0.49125	3850	4274
0.47955	3991	4424
0.4955	6091	6826
0.4951	4500	5016
0.49645	6982	7780
0.4926	5797	6449
0.4895	5621	6253
0.50515	7200	8137
0.5139	7698	8713
0.4935	4639	5198
0.48465	5636	6263
0.4924	5179	5740
0.492	3204	3562
0.5018	6973	7835
0.49365	3920	4361
0.51	5489	6198
0.48705	4237	4724
0.50335	4707	5275
0.4995	6056	6831
0.4796	5023	5539
0.51055	7697	8695
0.50195	6623	7412
0.4925	7061	7874
0.48285	3460	3843
0.50465	6522	7328
0.49695	5754	6497
0.4875	4706	5218
0.51245	7319	8244
0.4811	4921	5434
0.4916	5585	6200
0.50575	6523	7349
0.4859	3594	3958
0.49665	5342	5970
0.49555	5687	6363
0.47445	2135	2334
0.47025	2200	2415
0.4939	4471	5043
0.5017	6271	7062
0.47835	3007	3331
0.4894	6752	7516
0.50635	6614	7432
0.4822	4500	4992
0.4974	4555	5104
0.4941	4029	4473
0.4974	6064	6763
0.5028	6419	7219
0.4999	6818	7647
0.49865	7306	8194
0.5074	6947	7872
0.4966	6033	6762
0.4928	5195	5767
0.49475	6709	7529
0.49815	6678	7461
0.4899	5703	6344
0.49735	6631	7391
0.50935	7717	8728
0.4758	3255	3568
0.48325	5093	5671
0.4979	6555	7309
0.48705	3836	4219
0.48785	5578	6236
0.49845	6273	7042
0.49835	4070	4582
0.502	7226	8089
0.49815	6312	7062
0.49335	6866	7669
0.49275	6114	6819
0.49515	5229	5890
0.4907	2936	3284
0.4893	5601	6249
0.5008	7558	8451
0.4812	6092	6714
0.4968	6728	7540
0.4886	5778	6448
0.48715	4145	4629
0.48585	3325	3695
0.4828	4041	4467
0.49295	6673	7428
0.47945	3808	4188
0.48375	2946	3261
0.4878	3794	4212
0.48575	5624	6226
0.49745	5834	6517
0.50015	6512	7310
0.46715	2869	3156
0.49815	6451	7251
0.4842	5259	5831
0.4948	5000	5588
0.5091	7516	8492
0.50555	7291	8201
0.4897	3642	4064
0.4575	2269	2481
0.48595	5474	6052
0.5078	6075	6870
0.50195	4511	5092
0.48565	4263	4709
0.49055	6034	6737
0.4991	5145	5742
0.51395	7808	8822
0.49785	5937	6660
0.4848	3786	4200
0.5013	6808	7631
0.50895	7373	8322
0.5058	7371	8253
0.49245	4808	5358
0.49075	5798	6432
0.4712	4253	4672
0.48625	4174	4622
0.49775	6912	7699
0.5011	4930	5550
0.51295	6931	7874
0.51635	6116	6985
0.51595	7136	8118
0.48465	2425	2678
0.5025	6718	7546
0.4923	4720	5240
0.48645	3828	4260
0.4932	6278	6994
0.491	6693	7423
0.48735	6602	7298
0.4851	4605	5108
0.4829	2039	2252
0.49545	5081	5669
0.4786	4568	5070
0.49245	5138	5706
0.49695	5310	5981
0.49535	5957	6652
0.5134	7395	8388
0.4909	5561	6189
0.4883	4723	5216
0.4976	6619	7421
0.49125	4360	4863
0.509	6891	7819
0.5001	6268	7045
0.49655	2826	3136
0.50205	7254	8130
0.5093	6568	7412
0.48475	3897	4315
0.4998	5128	5778
0.49205	4409	4912
0.4968	6389	7188
0.49705	6590	7391
0.49275	6605	7359
0.49	2712	3041
0.49675	6602	7346
0.4886	6141	6839
0.48115	2658	2932
0.4998	6602	7387
0.48985	4915	5498
0.50765	5856	6601
0.516	7191	8147
0.50085	7003	7839
0.4982	6491	7279
0.51355	7730	8723
0.49	5155	5706
0.49075	4473	4944
0.50575	7815	8753
0.521	7648	8748
0.50695	7300	8235
0.47435	2805	3097
0.484	3937	4384
0.5017	7251	8136
0.514	7866	8939
0.49545	4836	5411
0.48555	3562	3997
0.5019	6627	7472
0.49225	5547	6135
0.48045	4795	5288
0.481	3633	4052
0.493	6411	7166
0.4776	3678	4066
0.4945	6154	6902
0.4939	5988	6705
0.4819	5354	5910
0.49715	5295	5940
0.4692	2646	2924
0.50715	6727	7607
0.48605	5692	6320
0.4852	3971	4423
0.47825	2831	3142
0.50655	7295	8225
0.4884	3015	3350
0.5097	7380	8309
0.4905	5895	6572
0.48765	5622	6220
0.47445	4325	4760
0.4855	4957	5522
0.49095	6160	6881
0.4851	4219	4682
0.49665	6512	7262
0.4836	3194	3548
0.5017	6491	7281
0.4866	6523	7218
0.50375	7212	8093
0.48785	4230	4670
0.48845	5595	6214
0.4946	6516	7257
0.49485	6445	7201
0.51405	7544	8545
0.46605	4270	4686
0.48115	1833	2028
0.49785	5435	6061
0.489	4416	4894
0.5029	7483	8395
0.4794	3645	3997
0.5043	6597	7398
0.4876	5754	6390
0.4942	6415	7187
0.4792	4365	4791
0.49755	6290	7043
0.49075	4467	4952
0.499	6790	7577
0.50245	5980	6715
0.50835	6625	7486
0.4992	6677	7546
0.49325	4037	4483
0.484	4164	4608
0.4992	6676	7447
0.4843	4711	5237
0.5005	3109	3502
0.48205	3371	3730
0.4984	5645	6336
0.4897	5292	5883
0.491	5880	6538
0.4958	6294	7049
0.50015	5973	6684
0.4914	5142	5723
0.49615	6791	7598
0.50115	4354	4861
0.50635	7176	8096
0.4874	5422	6000
0.50775	6561	7397
0.5161	6987	7895
0.5121	7706	8718
0.4979	5908	6606
0.49445	7069	7843
0.49365	3978	4469
0.4931	5380	5987
0.476	2712	2979
0.47805	2944	3246
0.4758	3460	3801
0.49615	5429	6098
0.48765	5651	6275
0.4893	4266	4753
0.47585	4856	5366
0.49585	7336	8193
0.49865	3681	4128
0.503	7282	8189
0.49645	6723	7492
0.49045	5754	6380
0.4966	6352	7072
0.50765	4548	5123
0.50965	6181	6960
0.49785	3865	4292
0.49745	5674	6362
0.49735	5945	6637
0.50255	6950	7756
0.4922	5222	5797
0.49615	3895	4337
0.50175	7168	8015
0.5001	6300	7036
0.50135	6179	6951
0.4539	2369	2579
0.4904	4644	5176
0.4863	4037	4512
0.49915	5765	6446
0.48955	4984	5553
0.4949	6266	6975
0.5051	5467	6147
0.4944	6749	7542
0.4906	6280	6993
0.5026	5781	6476
0.49	5207	5756
0.4874	5082	5622
0.49325	5421	6058
0.49025	4789	5326
0.48115	4073	4497
0.4796	4667	5128
0.50975	7070	7981
0.49415	4938	5477
0.50495	6737	7551
0.5005	5399	6073
0.4965	2438	2697
0.50015	5912	6608
0.49855	7144	7972
0.4834	3585	3961
0.48705	4192	4665
0.4903	5603	6279
0.49305	6876	7653
0.49745	4881	5475
0.50405	7441	8388
0.5053	7305	8169
0.4943	6582	7339
0.49875	6376	7105
0.50305	6661	7484
0.5121	6797	7699
0.51295	7274	8277
0.49405	6074	6780
0.47735	4065	4497
0.5039	7318	8205
0.47785	3481	3828
0.48635	2834	3172
0.4936	6043	6738
0.49495	6302	7033
0.50605	7517	8450
0.5023	6625	7425
0.48425	6386	7092
0.4954	3028	3365
0.49715	7103	7922
0.5118	7323	8258
0.49415	6037	6748
0.49645	5822	6484
0.49085	5648	6278
0.503	7663	8592
0.5075	5677	6386
0.48585	3902	4351
0.5046	4757	5338
0.49515	4226	4726
0.4912	3054	3445
0.5081	6168	6984
0.4816	4269	4682
0.489	3866	4297
0.4899	3334	3697
0.4943	5970	6641
0.4996	7612	8521
0.4911	6973	7756
0.49285	4488	5002
0.47815	3889	4257
0.51015	7631	8630
0.4934	6400	7162
0.4939	4972	5595
0.499	6942	7791
0.5069	7397	8369
0.47805	3290	3643
0.46915	3136	3465
0.49745	6458	7209
0.49805	6446	7212
0.49855	6846	7652
0.5213	8286	9441
0.50025	6650	7426
0.5117	7343	8326
0.5036	6434	7232
0.50805	7248	8185
0.49975	4904	5486
0.50015	5779	6488
0.48495	4050	4463
0.49945	7197	8018
0.49465	4081	4529
0.4864	6505	7236
0.4876	4746	5272
0.48655	5130	5711
0.49875	3838	4281
0.4932	5901	6585
0.4798	3946	4355
0.49825	4494	4995
0.4886	6042	6675
0.5018	4891	5495
0.49385	6755	7525
0.478	3523	3865
0.50315	6023	6784
0.50415	6979	7852
0.49905	5384	6048
0.48495	5830	6443
0.51365	7683	8678
0.4819	3016	3304
0.4853	7023	7761
0.48975	5986	6670
0.4824	5215	5796
0.48515	5597	6176
0.4872	5009	5534
0.49335	4574	5137
0.5042	6779	7610
0.4865	4588	5093
0.49125	6117	6816
0.49315	7034	7818
0.486	4324	4782
0.4995	6459	7236
0.48395	5988	6645
0.50965	6988	7916
0.4952	3617	4058
0.4957	5795	6472
0.4888	3798	4244
0.4953	5359	5997
0.50195	7035	7897
0.50525	6662	7527
0.4868	4818	5358
0.5008	7511	8368
0.4852	5403	5959
0.48265	5043	5550
0.5083	7133	8078
0.49325	5907	6548
0.4873	5177	5749
0.4924	5880	6550
0.48155	3965	4392
0.49045	5804	6483
0.48875	5439	6044
0.4946	5037	5648
0.50065	7137	7983
0.4954	4135	4619
0.4974	3220	3607
0.4811	3963	4378
0.49625	5586	6220
0.5028	7162	8058
0.48445	5411	5987
0.50405	6737	7585
0.48315	4313	4758
0.48675	4867	5378
0.5061	7424	8364
0.49655	6124	6830
0.49565	4880	5481
0.48235	4945	5453
0.50605	7684	8644
0.49345	6530	7292
0.50185	6627	7450
0.5036	7177	8057
0.4928	4983	5550
0.51365	6970	7887
0.48595	3274	3640
0.50155	6212	6961
0.49975	6652	7451
0.4986	5874	6597
0.50155	6347	7134
0.49	3131	3476
0.49445	5574	6217
0.50145	5499	6182
0.5139	6690	7556
0.4832	4162	4608
0.48165	3520	3909
0.4791	4112	4593
0.496	5730	6406
0.50025	7491	8348
0.5065	6226	7013
0.49	4987	5501
0.4961	6022	6741
0.4917	4899	5462
0.49055	5734	6386
0.5014	7310	8232
0.4795	4816	5343
0.48725	3813	4257
0.48625	6014	6659
0.5135	5937	6757
0.5046	7205	8141
0.5055	6920	7754
0.49225	3211	3599
0.4959	5253	5855
0.5155	7629	8647
0.47855	5369	5960
0.4888	5430	6016
0.49675	7088	7905
0.48685	4980	5520
0.49695	6371	7133
0.50525	7159	8064
0.4922	7061	7876
0.5036	5305	5981
0.49375	3756	4130
0.4727	4023	4413
0.49755	5968	6689
0.50255	6348	7126
0.4955	4819	5386
0.4891	3283	3654
0.479	4907	5422
0.5051	7359	8263
0.50835	7618	8589
0.48215	2914	3210
0.49375	5390	6000
0.4842	2872	3164
0.50235	7006	7869
0.49495	6248	6993
0.49595	6457	7160
0.4948	6200	6928
0.4953	2755	3089
0.48365	4663	5175
0.5057	3009	3385
0.49285	2211	2464
0.48745	6559	7281
0.49125	5995	6657
0.4958	5514	6172
0.49915	7035	7868
0.4928	6722	7490
0.4933	6272	7026
0.50505	7476	8456
0.4936	5140	5739
0.49265	5675	6344
0.5	7138	8007
0.48945	5998	6694
0.4768	3433	3782
0.49095	5634	6265
0.5134	7832	8891
0.4923	3100	3451
0.4875	6129	6777
0.48965	5027	5623
0.49845	5652	6352
0.4921	6020	6697
0.4891	6177	6856
0.47975	2381	2626
0.49845	7071	7944
0.49795	6833	7600
0.5079	5691	6484
0.47595	2482	2765
0.4952	5350	5958
0.50505	6830	7712
0.4837	6230	6937
0.49115	5352	5959
0.49995	6803	7641
0.5021	5706	6398
0.49035	6005	6685
0.48735	3179	3512
0.50065	6477	7285
0.50175	5598	6290
0.50435	7608	8557
0.50905	7404	8354
0.50315	5052	5701
0.50155	7241	8127
0.5003	4048	4533
0.4897	3235	3596
0.48605	6321	6993
0.48355	4730	5246
0.5044	7701	8674
0.4791	2978	3286
0.495	5141	5750
0.4958	5758	6419
0.50295	6506	7315
0.47195	4112	4506
0.5047	5716	6383
0.4921	6032	6674
0.4946	4083	4577
0.49455	5733	6411
0.5022	5972	6745
0.50345	6236	7036
0.4887	4002	4480
0.49595	4500	5041
0.5109	7262	8194
0.4922	6852	7613
0.50885	7004	7911
0.48265	5928	6516
0.51345	7655	8667
0.48655	6222	6918
0.49625	6262	6967
0.5045	6899	7756
0.5076	6451	7302
0.5019	6404	7212
0.4829	5181	5764
0.49525	4450	4990
0.49165	5474	6116
0.4796	2303	2563
0.49095	5627	6316
0.49695	6311	7116
0.4834	3002	3313
0.48715	5096	5662
0.4841	6888	7618
0.4794	4227	4656
0.49935	5670	6349
0.51135	5639	6369
0.4957	6832	7680
0.50025	7157	8061
0.5056	7214	8093
0.49915	5953	6666
0.50765	6414	7209
0.49995	6994	7813
0.4762	3313	3620
0.4882	4851	5415
0.50015	6954	7756
0.4822	3843	4262
0.4993	6803	7548
0.492	5959	6620
0.50365	6696	7538
0.4992	5743	6423
0.49915	5220	5867
0.49695	5416	6074
0.4775	3031	3353
0.4934	5124	5707
0.5097	7544	8521
0.494	6942	7741
0.50055	6272	7019
0.4859	6041	6691
0.49205	6150	6820
0.50065	6786	7589
0.48955	6412	7132
0.4948	4583	5124
0.4942	7032	7858
0.4791	4065	4485
0.47835	5576	6149
0.49425	4359	4872
0.48945	2613	2904
0.4999	5746	6436
0.5022	7482	8381
0.5085	6603	7484
0.4925	6103	6833
0.50045	6479	7267
0.4979	6449	7224
0.48345	3829	4224
0.49595	6090	6772
0.48245	5638	6239
0.50475	7065	7919
0.50175	6718	7490
0.5007	4844	5413
0.48805	5231	5836
0.5059	7237	8127
0.49615	6089	6773
0.48015	2849	3151
0.49615	5959	6684
0.489	6854	7628
0.4974	6885	7716
0.4658	2457	2665
0.4577	3205	3468
0.5017	6804	7621
0.507	7539	8515
0.49155	5587	6239
0.5102	7014	7924
0.5167	7419	8457
0.5068	7040	7945
0.5002	7095	7962
0.49745	6379	7082
0.49215	5484	6139
0.5133	5163	5854
0.49445	5696	6379
0.5189	7472	8537
0.4947	2584	2880
0.51235	7835	8893
0.48255	4169	4638
0.5035	6663	7490
0.50105	7233	8107
0.4887	5187	5796
0.4973	5949	6633
0.49785	7204	8059
0.49775	5127	5747
0.49455	5786	6473
0.48115	4494	4968
0.4905	4947	5536
0.4943	6768	7544
0.49935	7634	8579
0.48385	3092	3437
0.4934	6415	7128
0.5018	7351	8251
0.49875	6662	7469
0.49145	3644	4057
0.5009	6101	6843
0.49145	4729	5304
0.5018	6837	7703
0.5099	7231	8129
0.50025	6281	7073
0.4967	6088	6784
0.51365	7279	8191
0.48135	2896	3186
0.49365	4263	4755
0.47	4354	4775
0.50515	5520	6220
0.49275	6485	7206
0.5015	7131	7992
0.4742	2797	3117
0.5023	6515	7308
0.512	6709	7580
0.4951	6270	6968
0.5019	5824	6518
0.48695	3939	4390
0.5097	7450	8395
0.47565	4933	5430
0.50515	7302	8195
0.4914	6493	7194
0.49785	2026	2274
0.49765	6321	7073
0.48525	4656	5179
0.48865	4022	4466
0.4972	3533	3970
0.52155	7272	8286
0.496	5681	6323
0.5053	7423	8339
0.5043	7311	8244
0.4857	2661	2957
0.488	4648	5186
0.5087	7543	8492
0.49075	4307	4777
0.50065	6971	7820
0.50775	7255	8203
0.48615	6638	7368
0.50815	4555	5140
0.49465	6273	6965
0.5037	5421	6046
0.4912	5186	5773
0.51445	6929	7868
0.49375	6035	6734
0.49345	5219	5824
0.4935	4945	5519
0.4854	5854	6522
0.4755	3570	3957
0.48615	4394	4862
0.4909	5896	6545
0.49045	4913	5477
0.48485	4200	4638
0.5079	6166	6963
0.4995	6156	6890
0.4937	6847	7647
0.51645	8169	9300
0.49645	6358	7091
0.49345	4416	4973
0.4843	5053	5617
0.5002	7374	8274
0.4968	5425	6080
0.4876	6460	7153
0.49965	6188	6936
0.485	6140	6799
0.48275	5108	5684
0.4942	6280	7004
0.50115	6355	7148
0.50155	7062	7925
0.49775	7011	7827
0.50155	5799	6516
0.4743	2842	3116
0.47685	3258	3600
0.4981	5271	5890
0.5012	6199	6932
0.4868	6444	7102
0.50045	7640	8553
0.50205	5986	6706
0.49965	6146	6851
0.48935	5602	6215
0.50275	6495	7307
0.48865	4681	5187
0.47945	4087	4521
0.5073	6901	7725
0.49975	6988	7833
0.49245	4989	5575
0.4887	6159	6882
0.4978	6363	7099
0.49985	5925	6620
0.47535	3795	4205
0.4779	3606	3985
0.48555	3953	4423
0.51195	7546	8522
0.4839	4712	5212
0.4963	6143	6884
0.50265	5940	6663
0.4862	3849	4286
0.50195	5055	5729
0.46845	2030	2230
0.5094	7123	8057
0.49035	6059	6718
0.49015	3470	3870
0.48555	5267	5851
0.4892	4507	4998
0.49615	5272	5935
0.4894	5390	5977
0.49705	5766	6438
0.5041	6422	7229
0.48815	4356	4820
0.49245	3391	3810
0.496	5741	6435
0.50815	7070	7961
0.489	5687	6322
0.4994	6429	7240
0.50805	6944	7834
0.503	6072	6813
0.4836	5327	5892
0.4878	4071	4523
0.483	5284	5843
0.49085	3946	4391
0.49045	5959	6616
0.50095	6813	7629
0.50045	4053	4541
0.50935	6158	6953
0.49145	5373	6004
0.4938	6511	7248
0.49175	6288	6990
0.5146	7644	8702
0.46615	2961	3240
0.50055	6407	7162
0.48385	5641	6256
0.4793	1346	1470
0.4783	4675	5187
0.4889	5582	6207
0.50525	6571	7388
0.50505	6715	7545
0.50425	6637	7466
0.4772	4178	4584
0.50325	7111	7957
0.4787	4469	4903
0.4843	3775	4179
0.4914	5631	6256
0.4972	5835	6548
0.5038	6617	7420
0.49885	7225	8058
0.49435	6374	7037
0.5048	7089	7935
0.48875	5024	5563
0.4943	5981	6664
0.5003	6365	7148
0.49755	4502	5025
0.4984	5085	5716
0.49615	4813	5337
0.48815	3194	3577
0.4785	3062	3388
0.49055	2819	3132
0.4908	4748	5269
0.477	2264	2490
0.5212	7673	8773
0.48975	4751	5262
0.48765	2515	2772
0.4987	5904	6583
0.4929	4645	5171
0.49925	6296	7077
0.5034	5622	6371
0.50765	6155	6935
0.4794	2423	2684
0.4974	6523	7300
0.49125	4693	5235
0.495	5366	5986
0.49855	7286	8125
0.49015	5112	5719
0.48425	4918	5446
0.4896	4806	5356
0.50095	6200	6978
0.48685	4715	5196
0.4934	5333	5944
0.47855	4794	5287
0.49885	6976	7782
0.49385	6011	6673
0.50645	6005	6782
0.4817	4746	5253
0.49425	6191	6913
0.50185	6215	6963
0.5028	7075	7948
0.48605	4879	5449
0.51235	7192	8179
0.49845	2689	3003
0.48165	6095	6743
0.48995	5720	6396
0.4901	4520	5038
0.50875	7318	8242
0.48655	5719	6355
0.49335	4566	5097
0.47475	3407	3745
0.49785	5230	5827
0.49375	7144	7931
0.51005	7696	8713
0.50425	5697	6396
0.48195	1957	2149
0.4807	3643	4034
0.5029	7072	7936
0.48215	4588	5083
0.49455	6326	7107
0.49765	6407	7176
0.48725	3816	4229
0.4905	5020	5579
0.4824	6001	6629
0.4938	6925	7703
0.50245	6693	7501
0.50055	7399	8273
0.4993	4714	5307
0.4839	3413	3801
0.49715	6219	6934
0.496	5658	6312
0.50085	5222	5899
0.48865	5536	6153
0.48805	5732	6354
0.5103	7656	8610
0.50635	6087	6832
0.4898	2405	2660
0.49775	5256	5865
0.49275	4861	5419
0.4819	5033	5552
0.5103	7622	8624
0.5116	4156	4688
0.5082	6795	7658
0.4912	6170	6897
0.4962	5172	5795
0.46965	2214	2416
0.496	4905	5492
0.5033	5918	6632
0.50895	7350	8341
0.50255	7265	8144
0.50735	7401	8314
0.51145	7448	8445
0.47955	5258	5808
0.4854	5574	6184
0.5052	5701	6412
0.4941	5659	6364
0.49125	4476	4989
0.497	5337	5964
0.49905	5481	6128
0.4762	4171	4594
0.4879	4701	5206
0.4856	4632	5130
0.4965	6793	7582
0.4977	5484	6107
0.5026	6960	7827
0.49935	5460	6124
0.4966	6647	7405
0.4854	4006	4434
0.4874	2994	3331
0.4994	6578	7346
0.494	4378	4879
0.4987	5744	6423
0.48355	5353	5879
0.5005	5750	6456
0.4985	5205	5839
0.49545	5489	6102
0.4862	4158	4600
0.5007	5068	5731
0.50675	6904	7816
0.48235	5087	5683
0.49355	5863	6552
0.48325	4116	4579
0.48635	2657	2956
0.4981	5501	6143
0.4976	4951	5522
0.5023	6464	7284
0.4944	4791	5354
0.4855	4935	5441
0.5093	7385	8360
0.50285	6832	7638
0.48925	5344	5910
0.4969	5970	6629
0.50395	7233	8121
0.50315	3863	4307
0.4897	5915	6545
0.48375	4516	4977
0.4909	3179	3548
0.49375	6558	7292
0.48705	6234	6910
0.4875	5211	5774
0.4975	5157	5757
0.502	6953	7823
0.51495	7481	8494
0.4968	5900	6619
0.49425	5318	5949
0.51225	7889	8888
0.4852	5619	6236
0.49955	5651	6332
0.4805	3057	3376
0.4917	4223	4719
0.4886	5980	6609
0.50475	7125	8020
0.4874	6420	7113
0.5158	8291	9369
0.4978	5940	6659
0.49175	7233	8037
0.49675	6448	7185
0.50225	5754	6427
0.5069	6812	7666
0.49415	5948	6623
0.4836	5238	5795
0.5027	7332	8188
0.49995	6385	7167
0.51005	7898	8900
0.4926	4761	5306
0.50515	6949	7849
0.5234	8023	9152
0.4933	6801	7533
0.4874	4162	4617
0.50165	4249	4763
0.49415	5679	6366
0.48855	5205	5786
0.4965	6920	7726
0.4843	3591	3979
0.4981	6557	7349
0.5023	7103	7929
0.48265	5614	6213
0.50295	6404	7155
0.48735	5777	6440
0.49285	3806	4244
0.5063	6119	6882
0.4888	5864	6530
0.49375	5864	6556
0.49525	6642	7368
0.4967	6889	7708
0.4659	3633	3980
0.4966	5833	6489
0.47015	3429	3772
0.49595	6143	6846
0.49615	5365	6038
0.51145	7908	8935
0.48005	5382	5956
0.4971	5989	6737
0.49285	4578	5123
0.4973	7227	8079
0.4817	4578	5068
0.4708	1905	2092
0.4942	7218	8025
0.49955	6371	7183
0.49595	6498	7274
0.5022	7356	8207
0.48885	3374	3773
0.50955	7788	8776
0.4878	4810	5361
0.4894	4349	4836
0.50475	4576	5188
0.48525	3029	3375
0.51255	7749	8746
0.5034	7117	7991
0.48545	3082	3409
0.49515	5411	6046
0.4906	2011	2265
0.4698	3466	3780
0.4935	5246	5869
0.4992	7454	8349
0.49635	5687	6319
0.4933	6172	6906
0.4972	6528	7303
0.4991	6569	7337
0.5008	7161	8053
0.4971	5910	6630
0.4991	5598	6235
0.48345	4872	5384
0.5095	7274	8202
0.4746	3299	3657
0.5031	6945	7794
0.47245	3961	4378
0.4844	5507	6088
0.5004	5544	6179
0.5035	6828	7735
0.50295	7188	8066
0.48915	3373	3735
0.50835	6784	7684
0.50195	4751	5338
0.5015	5093	5716
0.5147	7069	8032
0.48885	4492	5018
0.5058	6597	7436
0.4929	2769	3099
0.50135	6110	6882
0.5011	6060	6787
0.48735	3856	4262
0.5119	7699	8694
0.49465	6152	6866
0.49815	6639	7488
0.4812	4442	4911
0.4864	4889	5420
0.4989	5755	6421
0.48355	6264	6876
0.48425	4239	4709
0.4832	3835	4262
0.5038	6210	6985
0.48265	4538	5034
0.5018	7742	8636
0.4918	5559	6192
0.49575	4606	5151
0.5051	5808	6550
0.4925	6200	6887
0.48295	6582	7242
0.4948	3320	3685
0.48115	5884	6525
0.4923	6696	7482
0.503	6665	7479
0.49955	6069	6799
0.49015	4002	4461
0.5066	7669	8618
0.48455	4467	4973
0.497	4755	5309
0.48845	5227	5807
0.4979	4760	5348
0.4791	4171	4609
0.4928	3774	4226
0.50525	7521	8476
0.48035	4120	4597
0.49545	6774	7587
0.50595	6774	7628
0.5046	6817	7641
0.4837	6246	6885
0.49745	6145	6880
0.50765	7485	8428
0.50155	6562	7360
0.4963	3896	4371
0.5011	6081	6820
0.51545	7496	8450
0.48755	6308	6975
0.50875	7403	8352
0.4959	4616	5157
0.4815	3858	4277
0.49135	4821	5338
0.4925	6135	6830
0.49485	6635	7411
0.4899	4823	5358
0.49955	6746	7543
0.4953	6688	7482
0.48925	6573	7302
0.50105	5524	6194
0.49855	5335	5974
0.4923	4521	5045
0.50235	6421	7190
0.4776	5872	6476
0.50915	7148	8097
0.49145	4860	5429
0.46985	3761	4126
0.4939	5242	5837
0.4987	6808	7608
0.513	7145	8088
0.4899	6190	6890
0.48985	2780	3112
0.50475	7266	8173
0.4988	3929	4445
0.4941	6197	6924
0.50345	7443	8372
0.485	4296	4761
0.5039	7328	8187
0.5123	7131	8070
0.48785	5720	6376
0.48625	4151	4577
0.49975	6458	7197
0.49855	4317	4840
0.5045	5759	6481
0.4957	4665	5227
0.47475	2010	2229
0.5024	6862	7674
0.50105	6234	6941
0.4871	3586	3975
0.48975	2553	2838
0.51205	7045	7964
0.49315	3607	4047
0.50185	5065	5641
0.49255	6976	7757
0.51645	7562	8619
0.4766	3177	3513
0.49255	5297	5856
0.49635	5872	6612
0.48125	3339	3676
0.5117	7445	8413
0.4856	5525	6134
0.48055	3473	3809
0.507	6750	7642
0.4895	4228	4684
0.4944	6580	7345
0.48035	3940	4352
0.506	5824	6554
0.4989	7291	8138
0.48925	4771	5318
0.4776	2594	2886
0.5054	5860	6621
0.4991	6053	6776
0.4958	5276	5901
0.515	6982	7877
0.5073	7682	8612
0.50015	5930	6667
0.4844	4783	5286
0.4957	5712	6412
0.49215	4004	4482
0.51355	7159	8108
0.51465	6117	6928
0.50675	7186	8057
0.489	5616	6268
0.50275	6444	7216
0.50045	5470	6107
0.50415	6846	7707
0.47295	3970	4388
0.47595	2421	2645
0.51145	7995	9032
0.50545	7311	8259
0.48765	4854	5407
0.4962	6428	7156
0.4871	4355	4804
0.50125	6478	7315
0.49775	7191	8029
0.4867	4696	5208
0.5086	7079	8005
0.5058	6803	7641
0.5061	6103	6915
0.4879	3807	4262
0.50945	7117	8064
0.4972	6711	7465
0.4967	6379	7131
0.4902	6376	7075
0.50595	7130	8065
0.51745	8067	9186
0.49215	5785	6420
0.5014	5846	6512
0.50345	7167	8005
0.47905	3543	3941
0.50055	6817	7634
0.4949	5044	5644
0.499	5362	6045
0.49875	6662	7455
0.49625	5591	6252
0.4944	6534	7302
0.4731	4270	4725
0.4991	7052	7903
0.503	6834	7705
0.48145	5080	5609
0.50285	7060	7892
0.4764	3699	4076
0.49575	5587	6245
0.5005	6783	7620
0.48445	5191	5768
0.48545	4656	5157
0.49475	5885	6565
0.4853	6164	6785
0.50845	6020	6785
0.4959	5586	6231
0.48815	4890	5389
0.4968	5526	6200
0.49205	5073	5688
0.4869	6209	6873
0.49795	6480	7279
0.4783	3324	3656
0.50055	5734	6438
0.4999	7096	7954
0.50005	7636	8517
0.49375	4565	5080
0.47305	4624	5062
0.48935	3453	3851
0.48555	4557	5026
0.4916	4812	5328
0.4842	3920	4319
0.5114	7648	8627
0.49395	5494	6143
0.4738	4047	4392
0.4956	4621	5154
0.48355	3434	3799
0.4837	5192	5716
0.52685	7320	8429
0.4873	3317	3668
0.4997	5047	5665
0.51215	7747	8729
0.5044	6565	7369
0.50185	7094	7992
0.50385	5262	5942
0.4962	6727	7532
0.4754	4529	4985
0.49265	5460	6074
0.49785	6622	7403
0.5004	2436	2720
0.4996	7388	8276
0.4936	5744	6405
0.48485	2719	2993
0.4937	5469	6110
0.4867	4391	4875
0.48165	4248	4702
0.5015	6792	7635
0.5025	6355	7115
0.48945	4109	4595
0.4836	4813	5313
0.49555	6857	7647
0.5164	7387	8389
0.49165	6277	6990
0.5042	7761	8678
0.4915	5987	6704
0.50045	6741	7601
0.5018	6801	7623
0.48545	5220	5775
0.4916	5684	6332
0.49455	5500	6191
0.49895	6426	7182
0.4791	2374	2650
0.4918	5636	6314
0.5028	7330	8240
0.48155	4365	4847
0.5178	7866	8959
0.49735	5533	6164
0.4952	5517	6163
0.49045	5620	6238
0.51235	7699	8726
0.4982	5427	6090
0.49795	6707	7498
0.49795	6985	7759
0.491	5998	6689
0.49095	5767	6435
0.5055	6337	7157
0.4856	4681	5164
0.492	6462	7188
0.48585	2724	3027
0.48855	4311	4777
0.49955	5902	6597
0.49815	6906	7680
0.5067	7141	8042
0.49325	4979	5536
0.4686	2436	2657
0.49785	6242	6952
0.499	6630	7423
0.4923	5097	5659
0.49175	6017	6679
0.49215	5766	6411
0.50485	5106	5729
0.4762	2321	2538
0.47905	3181	3571
0.4928	5446	6053
0.49135	4465	4973
0.48355	4743	5246
0.48355	5192	5761
0.48415	4983	5521
0.49325	6671	7401
0.4935	6263	6992
0.47695	4661	5125
0.4995	6775	7514
0.4936	5773	6470
0.5101	4645	5249
0.49495	6420	7193
0.49215	5006	5612
0.4955	2999	3357
0.50345	6956	7789
0.4965	3944	4422
0.48465	4112	4549
0.50845	7313	8267
0.49265	6597	7334
0.4986	6471	7204
0.4921	7040	7835
0.5079	6987	7884
0.5114	7422	8410
0.5074	5240	5944
0.48415	2724	3035
0.5079	7232	8120
0.49215	6548	7298
0.50765	6457	7299
0.51315	7148	8088
0.49345	5246	5910
0.49225	3768	4172
0.48435	5822	6434
0.49145	4316	4780
0.4946	6271	7017
0.5039	7081	8018
0.50595	6388	7196
0.4945	7136	7946
0.49135	6258	6970
0.4976	6410	7183
0.48725	5408	5986
0.5048	6282	7073
0.5088	7511	8444
0.4923	5104	5691
0.48535	6003	6680
0.4859	5358	5967
0.5012	6168	6915
0.5004	5419	6121
0.4976	5753	6418
0.4682	4036	4425
0.48325	3720	4123
0.4945	6271	7007
0.48015	3788	4160
0.5019	5995	6738
0.5237	8239	9426
0.4871	5099	5646
0.5048	6129	6925
0.4857	4407	4896
0.4886	4365	4848
0.48455	3050	3377
0.49135	6134	6807
0.4945	6300	7009
0.49015	6208	6936
0.48395	5732	6319
0.5	3067	3419
0.48595	2746	3035
0.50305	4656	5211
0.50445	6748	7585
0.48435	3893	4291
0.4847	4342	4857
0.49925	6030	6741
0.49845	6642	7437
0.4945	6358	7075
0.5098	7065	7957
0.5025	5624	6292
0.487	3634	4030
0.5009	6440	7202
0.50185	7012	7833
0.50835	5898	6682
0.49395	5218	5799
0.4862	4976	5527
0.4996	6310	7054
0.49435	5549	6165
0.4797	5318	5888
0.4951	3831	4265
0.49415	6136	6845
0.4869	3085	3438
0.48675	5365	5947
0.4868	4708	5254
0.49895	4881	5456
0.4919	6525	7259
0.48775	5893	6546
0.4917	5038	5600
0.4851	4228	4713
0.5019	6810	7644
0.50025	5477	6132
0.50345	6516	7324
0.5017	5719	6435
0.49295	5321	5898
0.4902	4446	4961
0.49	2160	2384
0.48975	6094	6778
0.4909	5177	5755
0.5038	4335	4879
0.49705	3192	3592
0.48915	5134	5675
0.47545	2689	2972
0.49215	5175	5783
0.5071	6607	7464
0.50425	7372	8317
0.487	4124	4597
0.5022	6532	7339
0.5074	6463	7287
0.5009	6882	7708
0.49075	6047	6720
0.4903	5282	5870
0.4945	6951	7697
0.4974	6200	6928
0.50735	6993	7907
0.48945	3477	3828
0.50085	6710	7506
0.49665	5783	6472
0.49655	4897	5465
0.4722	2442	2672
0.4911	6437	7195
0.487	2330	2575
0.52385	7855	9006
0.494	6536	7296
0.4959	5814	6489
0.49935	5267	5899
0.4925	6203	6879
0.48765	6111	6799
0.4886	5881	6516
0.5061	7475	8379
0.50155	5762	6466
0.49665	5957	6674
0.51465	7584	8601
0.49555	5449	6090
0.49105	4870	5432
0.50155	6288	7025
0.4953	3678	4099
0.5001	7231	8091
0.5082	7483	8420
0.5099	7575	8567
0.50695	7322	8224
0.5014	6291	7057
0.5036	6513	7337
0.49635	6493	7244
0.50115	7176	8089
0.47075	3426	3768
0.49325	4090	4541
0.5044	7529	8449
0.501	5873	6604
0.49335	5899	6589
0.47765	3697	4080
0.48235	5256	5818
0.4827	5795	6405
0.48715	4954	5496
0.50575	7275	8183
0.4832	3304	3660
0.4931	5399	6014
0.4968	6142	6865
0.48575	5340	5886
0.49375	6596	7349
0.5072	6866	7755
0.49175	2952	3313
0.4998	6608	7395
0.49985	7184	8068
0.507	7429	8372
0.4861	3568	3953
0.4783	5120	5631
0.5003	5630	6362
0.4901	5589	6204
0.4922	6210	6890
0.4849	6015	6637
0.48645	4508	4988
0.5031	6390	7181
0.48285	5444	6040
0.5059	7397	8323
0.5027	6544	7372
0.49005	5719	6321
0.47105	2951	3188
0.50645	7199	8085
0.492	6393	7105
0.4998	6930	7754
0.49635	7025	7822
0.49685	5715	6399
0.4945	5768	6468
0.4916	4321	4845
0.4947	6607	7362
0.50225	7021	7881
0.49975	7070	7933
0.48565	4481	4968
0.48015	5125	5644
0.5017	7306	8218
0.5079	7462	8403
0.4886	4814	5326
0.48415	4374	4850
0.47705	4937	5461
0.4944	6753	7546
0.49725	5209	5782
0.4966	6632	7438
0.4983	6996	7841
0.48555	4108	4594
0.49975	3299	3677
0.49095	6178	6890
0.49785	6925	7698
0.497	7410	8278
0.4941	6408	7173
0.48215	5142	5701
0.4901	4683	5185
0.49685	5084	5679
0.5016	6345	7121
0.48785	5886	6503
0.5019	3602	4091
0.4876	3272	3608
0.50435	6176	6954
0.4966	5772	6465
0.4919	6326	7026
0.5013	6474	7298
0.49945	6568	7390
0.48825	6205	6892
0.5007	5479	6154
0.4895	3256	3593
0.49205	4475	4977
0.49355	5616	6285
0.4713	3272	3595
0.4831	3551	3953
0.4881	5713	6366
0.485	5022	5544
0.49435	6458	7209
0.50705	7016	7891
0.49595	6792	7578
0.46735	2255	2471
0.4877	5099	5678
0.49955	5051	5670
0.4978	4940	5528
0.49755	5248	5885
0.47985	4204	4633
0.49515	2876	3218
0.49195	5967	6622
0.49785	3678	4127
0.50525	7217	8158
0.48755	5826	6427
0.4965	5709	6377
0.50085	3825	4318
0.50775	7118	7996
0.49935	6497	7314
0.4943	4671	5233
0.4856	5677	6279
0.4919	5479	6111
0.4979	6214	6922
0.48415	1941	2144
0.4957	5684	6332
0.5112	6908	7794
0.48525	4525	5014
0.48685	5702	6340
0.4984	6556	7351
0.5133	7168	8065
0.5051	7083	7986
0.5137	6496	7348
0.48465	4193	4667
0.49425	5075	5675
0.50015	6094	6858
0.50955	6591	7490
0.50675	7828	8815
0.51465	7646	8739
0.4861	4144	4570
0.4993	5862	6520
0.47855	4793	5293
0.49775	6136	6837
0.4995	6111	6885
0.49445	6394	7148
0.477	4822	5257
0.4962	5744	6383
0.50555	7509	8451
0.4815	3037	3342
0.48535	5003	5546
0.50445	7102	7974
0.5076	7485	8450
0.5034	7513	8416
0.502	7306	8180
0.49505	6237	6996
0.5006	6813	7654
0.50395	7104	7993
0.4871	4034	4502
0.4805	3353	3756
0.4982	5839	6558
0.48665	4906	5469
0.4988	3923	4428
0.4864	5679	6280
0.4892	5165	5745
0.4966	3902	4332
0.5058	6727	7590
0.48495	6238	6883
0.49585	5756	6404
0.49115	3577	3956
0.4892	6409	7133
0.51065	7310	8231
0.49755	5678	6346
0.4834	3865	4271
0.5028	6887	7684
0.4789	4109	4518
0.5106	6761	7662
0.47945	4007	4386
0.48345	4193	4635
0.4827	4056	4506
0.4971	6622	7424
0.51105	7670	8670
0.49335	3710	4156
0.47705	3153	3480
0.50615	6487	7353
0.4943	4966	5534
0.491	5298	5914
0.49805	7443	8309
0.5034	6978	7874
0.49725	5792	6464
0.4919	5845	6546
0.4917	5888	6599
0.50065	6756	7599
0.4923	2267	2518
0.492	5859	6480
0.49865	5436	6075
0.48785	6850	7534
0.5019	6714	7556
0.48105	4654	5100
0.5014	6559	7367
0.4547	1891	2052
0.49715	6407	7180
0.4959	2220	2456
0.4977	5934	6670
0.488	3671	4088
0.4927	5680	6353
0.5013	6179	6964
0.47315	3760	4145
0.4961	6709	7513
0.49135	5919	6564
0.4934	5753	6412
0.49885	7083	7942
0.49715	7061	7896
0.5108	7425	8386
0.49745	7043	7860
0.4782	3047	3388
0.4882	5058	5627
0.5061	6378	7170
0.49885	5032	5665
0.5012	6501	7336
0.5062	6535	7414
0.50035	6958	7782
0.49755	6314	7085
0.47505	3750	4119
0.4716	2035	2232
0.48305	5390	5970
0.5055	7331	8300
0.4893	5539	6172
0.49065	3972	4374
0.48605	5451	6032
0.4816	4482	4962
0.5001	6837	7637
0.4947	4520	5048
0.4892	5347	5985
0.5086	6852	7785
0.4993	5575	6244
0.4903	4952	5515
0.50845	6396	7187
0.50505	7505	8435
0.49415	6636	7428
0.4968	7101	7933
0.48005	3900	4313
0.496	6695	7433
0.49915	6055	6812
0.4925	6297	7037
0.4952	4888	5474
0.4907	4139	4623
0.4918	2048	2274
0.4984	6642	7422
0.49165	5739	6375
0.4828	3022	3353
0.5018	7757	8646
0.48445	5015	5546
0.4984	5588	6244
0.49465	3811	4269
0.47575	5585	6134
0.4859	5667	6266
0.49245	5757	6445
0.49985	6855	7682
0.5106	6533	7365
0.50215	7002	7876
0.48485	2287	2551
0.50655	5580	6275
0.4959	5737	6401
0.4962	6243	6972
0.48875	4146	4647
0.4807	1411	1537
0.4987	7456	8347
0.49945	6551	7348
0.51085	5639	6351
0.48525	5351	5935
0.4996	5450	6100
0.4993	7077	7887
0.48645	5503	6082
0.49215	5978	6650
0.49525	5670	6322
0.4669	3316	3672
0.498	6904	7687
0.4958	4949	5520
0.4879	3203	3580
0.4834	4667	5119
0.48475	3110	3441
0.49695	6257	6955
0.4801	4337	4752
0.50525	7584	8506
0.5002	5270	5919
0.50525	7475	8388
0.5	6106	6820
0.49915	4036	4526
0.50175	6720	7565
0.49005	5550	6176
0.4889	3140	3481
0.50085	6832	7651
0.4977	6777	7575
0.4928	6136	6856
0.4917	5418	6015
0.49605	6378	7139
0.49775	6819	7633
0.49455	6498	7255
0.5047	7094	7932
0.4837	5935	6561
0.50475	6366	7175
0.4848	3955	4386
0.4756	3072	3370
0.50505	6559	7367
0.49585	5704	6364
0.4811	4014	4459
0.49335	5325	5959
0.47975	4449	4908
0.5032	7001	7863
0.4999	7167	7979
0.4766	5530	6092
0.5081	7389	8330
0.4934	6360	7091
0.50185	7221	8099
0.493	6215	6937
0.48645	6454	7215
0.4984	7459	8347
0.4838	5450	6004
0.48465	5192	5738
0.49865	7337	8196
0.4928	5046	5629
0.47685	2661	2958
0.4838	4087	4529
0.4825	3602	4016
0.4846	5440	6055
0.49115	3350	3727
0.483	2223	2473
0.48635	5986	6663
0.4996	6565	7363
0.48595	4631	5134
0.45625	2936	3194
0.48345	4701	5229
0.48915	4699	5231
0.49405	6294	7010
0.49315	6377	7150
0.49785	5249	5872
0.49925	3828	4312
0.4887	4313	4814
0.50795	6319	7145
0.496	5159	5733
0.50215	6834	7612
0.5004	6337	7112
0.51035	6805	7679
0.5007	4873	5462
0.47775	3939	4348
0.5052	7191	8107
0.52455	8360	9607
0.49395	5066	5604
0.50725	7076	8014
0.48655	5798	6453
0.50275	6492	7285
0.48495	3369	3736
0.4883	4905	5441
0.49085	4936	5482
0.5011	6126	6874
0.4885	5415	6021
0.4951	5757	6419
0.4881	5603	6230
0.48715	3744	4156
0.50945	6389	7263
0.49905	6138	6874
0.5	5678	6393
0.4793	3906	4317
0.49795	5721	6381
0.50465	6802	7654
0.50115	6242	7005
0.49395	5924	6602
0.48855	2921	3238
0.4763	2405	2617
0.4956	6216	6950
0.5038	6881	7758
0.4949	4830	5395
0.4782	2770	3044
0.499	6707	7519
0.4995	6626	7408
0.4821	5546	6178
0.51085	7222	8168
0.49795	7235	8071
0.5102	7760	8736
0.49305	6120	6842
0.493	4461	4944
0.494	3596	4035
0.49205	4890	5486
0.4947	5795	6519
0.48705	2462	2730
0.49755	3549	3959
0.49365	5638	6275
0.5019	5330	5980
0.5014	6542	7382
0.493	4688	5281
0.5009	7181	8079
0.4995	5859	6513
0.508	7531	8468
0.4981	6986	7788
0.5023	6546	7346
0.50275	6963	7820
0.497	6661	7428
0.48415	5846	6456
0.50215	4042	4534
0.50245	5871	6605
0.50465	6438	7245
0.48485	3738	4149
0.48915	6153	6839
0.5002	6499	7316
0.4856	5834	6428
0.4858	3138	3446
0.48485	4805	5309
0.48645	2865	3181
0.5026	6351	7105
0.50685	5598	6332
0.50825	3036	3457
0.49075	5850	6505
0.5073	7507	8469
0.49325	5592	6215
0.4862	4964	5478
0.49115	5478	6122
0.4916	4057	4526
0.48295	3643	4065
0.48935	5762	6442
0.4968	6081	6778
0.50505	7258	8127
0.49905	6742	7516
0.5042	6263	7024
0.49715	6850	7629
0.49265	4384	4907
0.49235	6930	7673
0.50315	7340	8285
0.4875	4335	4859
0.5081	7666	8655
0.4966	6388	7170
0.48625	6278	6911
0.4891	5194	5753
0.4899	4329	4816
0.49155	3551	3957
0.49245	5927	6624
0.48375	6086	6732
0.49845	6682	7453
0.4902	4179	4675
0.49255	5534	6169
0.49395	6637	7385
0.48675	4399	4841
0.4853	5044	5567
0.4782	4370	4825
0.5	7021	7874
0.4816	3120	3483
0.4948	6168	6923
0.50155	2482	2793
0.4874	5428	6039
0.4913	6344	7094
0.50065	6722	7507
0.504	7524	8447
0.4913	5353	5989
0.48125	4689	5164
0.49625	6038	6747
0.50455	6047	6732
0.498	6939	7741
0.497	6353	7086
0.50865	7664	8642
0.5086	6881	7755
0.49755	5772	6478
0.48785	4668	5162
0.4933	6207	6914
0.5025	6167	6947
0.4862	5823	6466
0.484	5634	6230
0.49585	4152	4648
0.5061	7195	8079
0.49815	4185	4662
0.5064	6679	7524
0.48665	5488	6091
0.48535	4668	5184
0.49305	5465	6082
