#{"length":100,"ensemble_size":5000,"signature":"sq_lattice_bond_percolation__periodic_","delimiter":"	"}
#data at critical occupation probability or pc
#<pc><sites in wrapping cluster><bonds in wrapping cluster>
0.4915	3961	4403
0.50415	7125	8031
0.4966	5314	5931
0.49665	6017	6729
0.51325	7635	8628
0.49985	5939	6647
0.512	7205	8185
0.49355	6868	7682
0.48925	4976	5539
0.492	4031	4485
0.49075	6658	7426
0.48855	4552	5044
0.49385	3793	4265
0.48725	2083	2313
0.4982	4103	4580
0.50255	5948	6713
0.4986	6783	7566
0.49985	4857	5445
0.4923	5857	6547
0.48455	4573	5097
0.48465	5372	5925
0.4918	4757	5323
0.4938	2822	3160
0.49365	6199	6899
0.50285	7305	8198
0.4898	4367	4825
0.4886	4336	4824
0.48425	4805	5334
0.49695	4819	5402
0.4933	5726	6417
0.50215	6562	7353
0.51795	7879	8947
0.497	6055	6781
0.48015	5540	6139
0.5018	7479	8413
0.4809	2899	3230
0.48635	4492	4995
0.45475	1622	1788
0.49915	7078	7909
0.51565	7570	8597
0.4934	6139	6881
0.4707	3057	3357
0.50005	7363	8224
0.48345	5125	5618
0.5079	6380	7205
0.4935	5417	6069
0.49735	5114	5759
0.49155	5324	5960
0.51475	7807	8837
0.4983	6582	7368
0.4782	4727	5233
0.49925	5080	5634
0.5054	7262	8155
0.502	7001	7876
0.4852	3574	3944
0.49295	6655	7446
0.50415	7254	8149
0.50225	6155	6888
0.488	5962	6602
0.4975	5469	6131
0.5101	7261	8193
0.4965	5128	5759
0.4881	5224	5823
0.50325	7010	7853
0.5157	6040	6848
0.4901	5960	6643
0.49735	6830	7620
0.50095	7414	8315
0.4919	6207	6883
0.48365	2885	3204
0.48485	4054	4484
0.49115	4795	5353
0.5103	7177	8109
0.50525	6071	6855
0.48695	5675	6289
0.49555	6346	7111
0.4666	3713	4100
0.49605	6078	6797
0.4947	6615	7363
0.49145	6336	7066
0.4972	6528	7301
0.4877	4321	4795
0.47905	4509	5018
0.51465	7227	8204
0.5092	7515	8497
0.4956	4803	5386
0.48765	3964	4416
0.50175	6555	7352
0.48905	5016	5609
0.49195	5319	5849
0.50725	6277	7080
0.5067	7630	8580
0.4928	5295	5923
0.5121	7559	8546
0.50215	7063	7901
0.49385	6841	7634
0.5044	3406	3815
0.4931	6502	7266
0.50155	5620	6313
0.4788	3122	3419
0.49925	5397	6016
0.49585	6180	6856
0.48205	5092	5642
0.4872	5209	5785
0.48695	4471	4996
0.5002	7321	8192
0.5054	4961	5596
0.50155	7323	8243
0.49845	6057	6786
0.4947	6624	7390
0.50095	5425	6091
0.5255	7188	8213
0.47375	2229	2446
0.4814	3344	3714
0.5031	6541	7396
0.50515	6929	7800
0.48615	3041	3388
0.4908	6582	7284
0.49965	6932	7759
0.4952	5756	6441
0.4995	7478	8365
0.49335	5448	6082
0.50655	7572	8500
0.50045	5787	6484
0.48815	6083	6719
0.4925	5573	6234
0.4866	4307	4774
0.49075	4662	5162
0.50315	7073	7937
0.5026	7197	8086
0.4891	5908	6601
0.5022	6915	7737
0.49535	6529	7273
0.48575	1996	2201
0.49265	5375	6005
0.5133	7518	8467
0.49555	3856	4284
0.49695	4581	5158
0.50435	7058	7941
0.50755	7219	8174
0.4855	2752	3042
0.49105	4896	5466
0.48365	5155	5715
0.493	4968	5594
0.4788	3886	4300
0.49965	6634	7462
0.48725	4186	4649
0.4804	2459	2719
0.50175	7100	7966
0.48575	4119	4606
0.4893	5181	5765
0.5011	6457	7259
0.48605	5656	6305
0.4804	4929	5449
0.50215	6901	7746
0.49275	6362	7105
0.4929	6263	7001
0.46925	2327	2547
0.50615	6928	7818
0.48935	6003	6661
0.4885	4822	5395
0.5031	6840	7698
0.47015	2602	2857
0.4906	6275	6998
0.4945	5783	6473
0.48975	4395	4908
0.48235	4059	4508
0.4818	4759	5236
0.4749	2515	2779
0.4977	7046	7861
0.49405	5041	5640
0.5028	6644	7426
0.50225	7192	8075
0.49885	6106	6862
0.5075	6933	7858
0.48245	4106	4490
0.5034	5909	6653
0.4953	6258	6976
0.5037	7200	8066
0.4897	6510	7274
0.4981	6238	7000
0.49215	3391	3760
0.50625	7049	7923
0.46615	2897	3190
0.49645	4593	5143
0.49395	6478	7225
0.4969	6391	7157
0.49215	6530	7253
0.496	4760	5303
0.4924	4198	4662
0.5041	2988	3358
0.5098	7342	8292
0.49705	5748	6427
0.48515	4869	5417
0.5083	7474	8439
0.49605	5763	6444
0.4939	5911	6612
0.48545	5080	5669
0.4871	4257	4713
0.48855	6280	6969
0.4933	5697	6357
0.4855	2751	3030
0.4968	6429	7209
0.4835	4122	4611
0.48075	4816	5308
0.48955	3955	4373
0.4849	2399	2681
0.4796	5189	5702
0.51685	7900	8961
0.5	6258	7061
0.4926	4955	5562
0.48245	6064	6728
0.4963	5169	5774
0.4906	5419	6031
0.51405	6344	7214
0.50615	5500	6197
0.50415	6031	6780
0.50825	5268	5953
0.4937	6491	7247
0.49305	6491	7254
0.5	6431	7207
0.48245	4526	4996
0.4902	5300	5898
0.4891	4312	4772
0.50445	7142	8048
0.48635	5582	6184
0.4819	3910	4302
0.4911	4323	4834
0.4829	5020	5575
0.48705	3123	3443
0.4862	3502	3852
0.50785	6875	7730
0.4983	6809	7631
0.5108	7528	8493
0.48175	5726	6348
0.51715	7262	8272
0.4978	6536	7327
0.48855	3927	4394
0.4957	6289	7021
0.49135	4069	4529
0.499	6550	7343
0.4938	5321	5901
0.50305	5013	5600
0.49285	6158	6840
0.49655	6157	6874
0.48245	5215	5771
0.4923	5775	6449
0.4968	5695	6406
0.4877	6253	6930
0.48305	3419	3793
0.50505	7928	8870
0.4875	2962	3322
0.48955	3805	4229
0.4934	4847	5434
0.50035	5970	6737
0.4865	4861	5341
0.46965	3044	3369
0.4913	4223	4688
0.5045	7090	7983
0.5003	6898	7757
0.492	4756	5284
0.4978	3482	3871
0.49495	6033	6753
0.49155	6404	7125
0.4889	5846	6513
0.4889	4004	4488
0.50685	3628	4110
0.49135	3984	4436
0.47725	5288	5887
0.4991	5981	6705
0.50745	6551	7366
0.48635	4810	5332
0.4934	5501	6150
0.48095	4426	4918
0.4959	4599	5158
0.5063	6681	7541
0.4911	5648	6305
0.5063	7696	8622
0.4891	5806	6442
0.50275	4477	4994
0.50165	6611	7408
0.49125	6059	6752
0.49375	5568	6209
0.50385	5676	6360
0.5039	7203	8091
0.4718	2888	3165
0.50985	7303	8245
0.49695	6252	6980
0.49695	6787	7570
0.48385	4586	5060
0.49225	5487	6129
0.5112	7289	8263
0.48565	3873	4289
0.4994	4635	5243
0.5013	7629	8528
0.49095	4701	5257
0.50005	7193	8042
0.5025	6432	7282
0.49815	7392	8245
0.4932	5069	5628
0.51485	7457	8483
0.4941	7163	7928
0.47355	2651	2903
0.47835	3404	3763
0.47815	4487	4959
0.5091	7544	8566
0.4843	4666	5136
0.5024	5063	5723
0.5025	6831	7676
0.4942	6026	6715
0.508	7822	8797
0.50355	6846	7696
0.4873	4868	5427
0.48555	4317	4774
0.4872	5968	6639
0.49425	6090	6825
0.51395	7666	8703
0.4984	6611	7408
0.49745	6213	6943
0.48175	5242	5757
0.50055	6873	7711
0.4753	2757	3053
0.4997	5916	6657
0.4987	3440	3831
0.4913	3909	4371
0.5021	5875	6636
0.50595	5889	6650
0.5154	7168	8115
0.4897	3704	4137
0.49355	4448	4965
0.50095	3940	4442
0.5045	7015	7920
0.50575	7775	8752
0.4956	4523	5076
0.50255	7189	8080
0.51125	7109	8040
0.5013	7422	8264
0.5043	7303	8170
0.48595	5149	5714
0.4975	6533	7294
0.49475	7153	7990
0.4821	5799	6388
0.512	7383	8345
0.49255	6002	6667
0.4836	1936	2147
0.50525	5803	6520
0.5081	7171	8064
0.48705	5110	5714
0.4973	6088	6828
0.48185	5327	5896
0.4883	5054	5596
0.4924	6503	7241
0.48115	5542	6122
0.50185	7032	7888
0.5009	6719	7510
0.4868	6198	6860
0.49755	6254	7019
0.48565	2605	2850
0.47795	2122	2337
0.49615	4957	5566
0.4794	4641	5136
0.5021	5178	5828
0.4801	3045	3378
0.4979	6187	6942
0.49635	5597	6255
0.49015	5768	6453
0.4961	5374	6006
0.48915	4985	5539
0.4987	5815	6502
0.4808	3332	3668
0.4908	4848	5392
0.4898	6227	6921
0.4964	5758	6413
0.48065	5016	5571
0.48195	4907	5448
0.491	2255	2506
0.5004	7295	8166
0.5035	7194	8102
0.48295	3342	3712
0.5098	7456	8424
0.51575	5570	6341
0.49655	5948	6672
0.50495	7129	7981
0.52005	8107	9251
0.5024	6581	7379
0.50065	6923	7730
0.49245	3228	3583
0.48895	4049	4493
0.496	4935	5513
0.4941	5828	6562
0.4826	4225	4661
0.5072	6674	7521
0.4829	4914	5424
0.4724	3220	3558
0.49555	5594	6268
0.5034	6603	7404
0.4915	4497	5018
0.47895	4398	4855
0.5073	7789	8763
0.51255	7180	8154
0.49285	5715	6354
0.4844	4289	4745
0.4942	6512	7179
0.48465	2816	3151
0.5025	6773	7584
0.4994	6487	7297
0.49	5855	6544
0.48315	3046	3389
0.51125	7284	8265
0.5196	7967	9068
0.48915	4758	5284
0.4891	6440	7196
0.495	7511	8354
0.5075	6200	7028
0.4888	5957	6576
0.5018	6930	7777
0.4859	4574	5018
0.5153	7772	8840
0.4912	4759	5292
0.4902	5399	6052
0.50105	6835	7675
0.5092	7328	8256
0.4901	5574	6175
0.49565	4809	5397
0.48615	5085	5631
0.50695	6427	7230
0.48105	2331	2581
0.4904	3622	4038
0.4862	5271	5893
0.4971	6373	7154
0.48105	5035	5567
0.4929	4820	5371
0.49035	6680	7405
0.49535	6111	6854
0.5018	7232	8148
0.49315	5404	6056
0.4848	4398	4844
0.4923	3513	3905
0.49225	6651	7395
0.48455	2986	3306
0.48525	4092	4562
0.494	6163	6882
0.492	4750	5300
0.506	6464	7275
0.4936	4900	5448
0.47635	3924	4314
0.4774	3343	3689
0.5007	4829	5401
0.50775	7687	8655
0.4745	3425	3772
0.4966	6382	7143
0.4625	3262	3573
0.49395	6490	7261
0.4938	4623	5158
0.513	7488	8458
0.4946	6162	6888
0.47625	2661	2935
0.49865	7098	7943
0.48395	2124	2343
0.49195	4094	4578
0.48475	5106	5676
0.5029	7021	7875
0.46595	3298	3591
0.497	6962	7795
0.487	4941	5484
0.5073	7076	7947
0.50085	5902	6629
0.49	6300	7050
0.5115	5524	6219
0.4861	4561	5031
0.48495	3791	4219
0.48425	2381	2664
0.5055	7616	8527
0.5007	3907	4393
0.49685	5418	6092
0.48795	4138	4578
0.4854	3118	3425
0.4862	2769	3100
0.5082	7380	8335
0.4977	4067	4561
0.50165	6569	7380
0.50525	5795	6562
0.50705	6853	7768
0.48925	6202	6883
0.5226	8388	9574
0.51315	7200	8110
0.4987	6092	6792
0.50425	4585	5161
0.49385	6253	6983
0.50245	7261	8181
0.4851	4275	4732
0.5023	7147	7975
0.4927	5921	6635
0.49215	4753	5312
0.5107	7673	8681
0.50735	4266	4844
0.49425	6249	6999
0.47635	2740	3024
0.4751	4001	4426
0.48535	3316	3685
0.48315	4137	4586
0.49085	6204	6901
0.4958	4583	5107
0.48105	4893	5431
0.49885	7435	8308
0.50215	5873	6604
0.4838	6594	7247
0.4987	3501	3945
0.4832	2950	3274
0.4902	6407	7116
0.4937	4337	4838
0.5009	7436	8283
0.49245	4849	5446
0.4974	4984	5565
0.495	7402	8214
0.49775	7234	8078
0.48625	4328	4814
0.47665	3938	4318
0.5031	6294	7083
0.49985	5392	5965
0.4898	3153	3522
0.50305	7138	8008
0.51005	6092	6912
0.48825	7013	7780
0.5239	8158	9314
0.49735	6115	6858
0.49045	6236	6932
0.4936	4704	5232
0.4741	2403	2656
0.48815	5953	6577
0.51005	7537	8507
0.4962	6933	7731
0.50855	7185	8148
0.50315	4665	5205
0.50945	6601	7488
0.4908	5344	5936
0.4936	5018	5597
0.48675	3155	3518
0.474	2997	3292
0.50025	6493	7298
0.49805	5870	6518
0.4932	5665	6319
0.51115	7129	8041
0.4637	3561	3910
0.4956	5986	6691
0.5109	7394	8361
0.49575	4889	5481
0.4973	5747	6415
0.48905	3378	3715
0.49985	6964	7836
0.50375	6473	7318
0.5025	4888	5482
0.5017	6633	7403
0.50075	5156	5811
0.4879	3428	3843
0.4877	4959	5496
0.5107	6833	7730
0.48495	4544	5046
0.483	5006	5513
0.4942	6062	6758
0.4913	2715	3042
0.49045	4020	4448
0.498	6263	7027
0.50605	5609	6316
0.4921	4978	5517
0.49655	5744	6441
0.49425	5425	6063
0.4816	4317	4748
0.5019	6896	7746
0.50995	7484	8457
0.49605	6725	7536
0.5016	7008	7862
0.488	5668	6292
0.4859	5430	6027
0.49475	6160	6888
0.49965	7106	7965
0.49045	4921	5464
0.49365	5827	6498
0.49185	4647	5216
0.49945	6112	6851
0.48995	3574	3982
0.4808	4894	5368
0.48385	3882	4289
0.4993	5638	6337
0.4996	6018	6723
0.4933	5744	6425
0.499	6646	7377
0.49575	5335	5945
0.49545	4451	4971
0.48765	3042	3418
0.5002	6629	7401
0.49825	5724	6385
0.49335	6173	6862
0.51745	7322	8339
0.5069	5707	6401
0.5086	7143	8066
0.49455	4248	4725
0.49335	5491	6107
0.5047	7581	8458
0.5002	6794	7588
0.50135	6334	7131
0.49715	6374	7119
0.5058	6764	7595
0.49385	6348	6996
0.49155	5226	5840
0.49055	5400	6027
0.4974	6585	7360
0.49285	5862	6489
0.49365	5911	6607
0.4926	5302	5933
0.50345	4659	5260
0.4949	6757	7549
0.4857	5195	5745
0.48075	5646	6264
0.49075	4959	5582
0.49315	4631	5147
0.489	5543	6155
0.49865	6548	7320
0.4961	6932	7726
0.51205	7139	8094
0.47805	3860	4276
0.4786	4127	4550
0.4844	6227	6856
0.5043	7005	7901
0.48805	5435	6057
0.478	4064	4484
0.48125	2515	2786
0.5015	6707	7515
0.49905	5595	6272
0.48875	5102	5697
0.5035	6644	7455
0.49355	5751	6399
0.50505	5970	6690
0.4956	6110	6844
0.4937	5208	5783
0.4938	6874	7650
0.493	5379	6012
0.5037	3223	3652
0.49785	3462	3861
0.5121	7262	8244
0.4999	6687	7479
0.4972	4521	5004
0.4864	4807	5343
0.50065	6997	7836
0.5056	7102	8025
0.49	4196	4668
0.4951	5542	6172
0.49555	3532	3958
0.4827	4368	4830
0.4861	2827	3133
0.4991	5819	6511
0.4928	4601	5113
0.50025	7171	8040
0.49	5100	5669
0.4915	3187	3565
0.4829	3732	4149
0.48815	5368	5987
0.4922	5786	6424
0.4963	6204	6918
0.4923	5041	5592
0.48935	6197	6873
0.49715	6033	6724
0.48505	3953	4392
0.5045	7335	8250
0.50275	3753	4180
0.4866	6697	7414
0.48725	4813	5324
0.4795	5650	6197
0.49905	7027	7840
0.4907	5723	6372
0.4881	6066	6757
0.5015	6653	7452
0.4821	4991	5513
0.5003	6187	6960
0.5031	5495	6164
0.49745	5677	6368
0.5028	5836	6501
0.48035	3405	3743
0.5098	6121	6920
0.49875	6561	7318
0.49495	5247	5880
0.47785	3463	3810
0.50195	5839	6534
0.5014	6672	7512
0.5015	6127	6854
0.4871	5160	5735
0.4887	6284	7005
0.49405	2950	3274
0.50285	3353	3744
0.5001	4297	4794
0.5105	7209	8153
0.48075	4216	4685
0.484	3782	4206
0.4994	4540	5046
0.4984	5365	6052
0.4997	6603	7406
0.4829	4615	5129
0.49795	4926	5508
0.49505	4550	5095
0.4883	6367	7068
0.49675	6177	6883
0.4969	4489	5042
0.4915	5112	5714
0.49525	5491	6109
0.5108	7502	8468
0.5013	7078	7931
0.4841	5373	5970
0.4908	2829	3154
0.4756	3150	3469
0.503	6280	7058
0.49905	7456	8329
0.4943	4449	4979
0.49105	5673	6280
0.4905	6330	7063
0.49855	6896	7706
0.4928	5476	6092
0.4884	4571	5088
0.5001	5818	6514
0.4948	6018	6724
0.49805	6425	7153
0.49345	6112	6789
0.48755	3490	3882
0.48675	4716	5264
0.47325	3117	3405
0.50345	6835	7706
0.49325	2543	2838
0.49435	5116	5723
0.49905	7041	7887
0.49245	5511	6150
0.4779	3890	4271
0.47445	3177	3496
0.5053	6341	7181
0.48775	6247	6916
0.5055	6431	7215
0.4729	2586	2839
0.488	5453	6101
0.5079	6859	7787
0.50195	6957	7763
0.4881	3579	3987
0.47745	5022	5531
0.4795	5924	6520
0.4974	7167	7983
0.4919	6019	6704
0.4932	4396	4882
0.4974	5467	6109
0.4929	4985	5562
0.5002	6615	7457
0.49795	6514	7270
0.48965	2240	2488
0.49935	5752	6468
0.4939	5679	6331
0.49315	5778	6450
0.51255	7225	8214
0.49275	2621	2884
0.49805	5393	6049
0.49375	5907	6558
0.49775	5045	5638
0.48585	3381	3775
0.49635	7059	7889
0.5061	7350	8282
0.49245	6661	7427
0.50005	7447	8341
0.4953	6236	6967
0.50505	6767	7617
0.49715	5286	5947
0.47315	3504	3852
0.49905	6507	7279
0.4949	6887	7672
0.50075	4530	5087
0.4755	2453	2766
0.5157	7345	8364
0.4922	5308	5951
0.4875	5723	6344
0.50425	6715	7574
0.49855	4108	4580
0.4929	5106	5658
0.50915	7745	8686
0.4747	4478	4939
0.48645	5977	6625
0.4994	5877	6587
0.49585	6149	6906
0.4977	5007	5600
0.50395	6052	6806
0.5175	6577	7453
0.48115	2263	2512
0.4879	5946	6609
0.5021	6626	7434
0.4838	4944	5474
0.49545	7023	7814
0.4978	4214	4693
0.48915	6344	7006
0.4941	7059	7841
0.5055	7806	8751
0.49295	5002	5583
0.4917	4919	5475
0.4933	6237	6964
0.49075	6212	6886
0.51085	7516	8548
0.49215	5899	6628
0.4812	4863	5401
0.4954	5114	5746
0.4769	3580	3984
0.48615	5155	5722
0.49055	5943	6610
0.4994	7286	8099
0.4834	4996	5571
0.49875	6700	7448
0.4975	7053	7894
0.4804	4844	5370
0.4731	1885	2077
0.4955	5168	5790
0.4835	3624	4038
0.5126	5943	6752
0.4946	5895	6562
0.50785	6501	7317
0.499	6227	6981
0.4827	3333	3715
0.48855	6748	7441
0.4764	4279	4689
0.5048	7021	7924
0.48035	4653	5147
0.496	5310	5941
0.5096	7675	8657
0.4994	7214	8088
0.4941	5375	5995
0.5082	7301	8237
0.49705	5565	6225
0.514	7043	8001
0.48905	5198	5778
0.5027	6713	7514
0.5009	6260	7083
0.49675	6322	7076
0.47855	2840	3141
0.50085	6873	7726
0.50285	7095	7886
0.48575	4963	5512
0.4783	5554	6097
0.49945	5508	6118
0.50125	4831	5402
0.502	7037	7930
0.4975	4810	5381
0.48985	3880	4255
0.478	4030	4445
0.49525	5563	6173
0.49065	3948	4368
0.48955	4876	5407
0.48955	3863	4301
0.50745	7784	8774
0.4981	5911	6654
0.5084	7499	8417
0.4913	2662	2950
0.46635	2446	2660
0.49355	4352	4798
0.49835	4933	5570
0.50195	7270	8189
0.4939	5833	6522
0.49455	2749	3065
0.49765	6987	7831
0.49565	4889	5475
0.4919	5543	6170
0.49085	3898	4312
0.50185	7252	8135
0.4999	6628	7457
0.48785	6192	6883
0.47875	2718	3000
0.4955	6324	7022
0.50415	6304	7116
0.50075	3708	4168
0.50115	4431	4985
0.48965	4854	5444
0.4925	6339	7057
0.49205	6980	7788
0.4966	6663	7423
0.5007	6013	6739
0.50085	6226	7026
0.4868	4896	5448
0.4877	2819	3132
0.49995	6365	7138
0.4957	4406	4940
0.48825	5878	6509
0.47735	4314	4740
0.48555	4107	4585
0.49595	6723	7495
0.4968	5624	6313
0.48675	5965	6602
0.4665	3288	3600
0.48115	4531	5001
0.47985	4690	5159
0.50625	6604	7432
0.4787	5214	5770
0.5031	6316	7078
0.4766	3271	3616
0.49825	3390	3799
0.48895	3510	3894
0.4957	5776	6474
0.5179	7365	8403
0.4957	6267	7024
0.488	4562	5104
0.49015	5148	5747
0.4989	5740	6424
0.49345	6512	7243
0.49995	6649	7447
0.49595	3355	3746
0.5013	7590	8520
0.4889	5695	6357
0.492	6411	7202
0.4827	5547	6155
0.49125	2969	3333
0.4971	3773	4206
0.4956	5509	6166
0.50295	5118	5739
0.49225	4199	4655
0.4976	7044	7859
0.4851	5434	6038
0.4934	6203	6884
0.4881	5324	5909
0.4945	7149	7937
0.5051	7138	8010
0.4867	5289	5892
0.48275	4164	4606
0.5013	7591	8476
0.50525	6799	7679
0.49915	6538	7321
0.49455	5021	5582
0.48425	5394	5962
0.5121	7484	8437
0.5118	7154	8076
0.4818	3779	4188
0.5031	4398	4963
0.4839	4303	4759
0.49565	2956	3321
0.5116	7485	8413
0.52375	7757	8935
0.4778	4289	4766
0.5001	5023	5620
0.49315	6047	6724
0.49105	5403	6036
0.48755	2781	3105
0.4832	4613	5159
0.49345	5505	6129
0.49475	6816	7625
0.4908	5210	5783
0.5117	8074	9079
0.49345	5064	5676
0.4887	6396	7065
0.50025	3858	4318
0.4763	4840	5332
0.48975	4559	5104
0.50455	6298	7096
0.4983	6107	6867
0.4946	2659	2942
0.4921	5494	6095
0.5019	6744	7533
0.50335	5254	5932
0.4834	4851	5356
0.4966	5671	6339
0.513	7273	8184
0.50045	5563	6218
0.49	5585	6250
0.4922	6680	7414
0.4823	1419	1576
0.5046	7275	8157
0.47965	4387	4848
0.51835	8004	9111
0.4955	4941	5522
0.50115	6573	7405
0.50705	5948	6691
0.48365	4623	5116
0.49545	6730	7499
0.4977	5397	6017
0.48845	6129	6796
0.4922	3125	3480
0.4996	6160	6927
0.50035	5902	6599
0.5003	6771	7596
0.49045	5777	6429
0.4888	5111	5690
0.48665	4513	5019
0.4976	6501	7273
0.4775	3686	4047
0.50085	6452	7289
0.50345	6970	7801
0.49305	5720	6375
0.49335	5213	5842
0.4919	5053	5623
0.4825	3614	4002
0.51335	7410	8421
0.4988	4607	5145
0.5032	7373	8275
0.4769	1878	2067
0.49065	5289	5921
0.48815	4340	4839
0.4935	6128	6850
0.4849	5939	6573
0.4925	4606	5155
0.5085	7244	8164
0.48655	5406	5975
0.50115	6991	7881
0.49985	5835	6557
0.49355	5724	6380
0.5023	6568	7357
0.48965	4559	5045
0.49	5782	6429
0.48375	3922	4361
0.4969	5671	6350
0.47785	3622	3962
0.48975	4210	4687
0.5126	7353	8308
0.496	5205	5841
0.5033	6700	7513
0.4898	4343	4812
0.5083	7269	8175
0.48585	3534	3907
0.47435	4095	4483
0.5057	5550	6292
0.49445	5576	6244
0.5135	7525	8560
0.4952	4723	5258
0.49605	5548	6154
0.48665	3867	4287
0.50915	7206	8146
0.4942	6790	7555
0.4995	4562	5112
0.4953	5510	6161
0.49905	5939	6651
0.50335	5576	6275
0.4718	2970	3271
0.4863	5125	5664
0.50205	7127	7957
0.5035	5911	6643
0.50165	7478	8424
0.48485	6064	6702
0.49145	5942	6609
0.49905	6771	7540
0.49355	6086	6859
0.5039	6447	7273
0.4953	6295	7044
0.48875	4335	4834
0.4946	5913	6578
0.4875	5625	6218
0.49725	6376	7123
0.491	6649	7405
0.4954	5910	6581
0.49475	6638	7397
0.4808	3861	4284
0.49225	3886	4321
0.5042	7033	7903
0.50775	7331	8276
0.49525	6168	6863
0.50065	6547	7318
0.49255	3545	3945
0.4943	5115	5668
0.51995	8007	9174
0.49745	5579	6252
0.50595	6711	7547
0.4853	3719	4111
0.49715	6748	7555
0.5048	7383	8303
0.4924	6147	6854
0.5085	7564	8561
0.4947	7218	8012
0.4946	5567	6190
0.48555	4425	4939
0.50175	6428	7189
0.48555	5245	5792
0.5003	5345	6001
0.4795	4522	4987
0.48375	3932	4360
0.4858	4739	5283
0.49715	6471	7236
0.4966	5355	5979
0.50425	6256	6993
0.49755	3750	4234
0.5088	6939	7831
0.4822	4057	4488
0.4977	5616	6287
0.49205	5580	6243
0.4917	4470	4966
0.4912	3803	4242
0.4835	6067	6691
0.49755	6592	7396
0.48205	5597	6213
0.506	7324	8273
0.48895	5657	6247
0.4818	3719	4092
0.48335	2679	2939
0.488	3951	4367
0.47275	2199	2440
0.4771	3064	3367
0.50555	6536	7369
0.4766	2935	3254
0.48	3522	3891
0.49575	4771	5379
0.4742	3484	3831
0.51165	7708	8723
0.49095	6077	6711
0.49295	5060	5642
0.48095	3248	3602
0.47225	3942	4325
0.5008	5591	6283
0.49415	5672	6303
0.50065	6650	7436
0.4958	6887	7692
0.5042	6704	7549
0.4965	6504	7218
0.48825	5305	5885
0.494	6886	7704
0.49545	6171	6879
0.49465	4025	4531
0.49795	7154	7976
0.4927	4317	4838
0.5076	7711	8662
0.484	4700	5217
0.48495	3600	4003
0.5016	3466	3902
0.4962	5838	6522
0.5006	7335	8186
0.50725	7793	8759
0.4912	3634	4010
0.47285	3317	3653
0.48955	5567	6185
0.49255	5481	6105
0.5071	6632	7484
0.4876	5600	6228
0.49355	7039	7811
0.4913	4696	5238
0.4956	5781	6450
0.4925	5655	6328
0.48495	5848	6517
0.49185	6028	6731
0.4825	4124	4538
0.49945	7116	7982
0.48835	3904	4360
0.49175	5894	6536
0.5012	6374	7149
0.49495	6011	6696
0.47725	4205	4640
0.48805	5347	5938
0.47475	4277	4721
0.4857	2762	3071
0.4911	6613	7350
0.48915	6392	7051
0.4964	5940	6614
0.4818	5274	5794
0.50345	7274	8168
0.50275	6583	7423
0.50415	6849	7719
0.47535	3474	3815
0.4976	5764	6462
0.49575	5686	6349
0.49435	4876	5477
0.4892	6029	6657
0.5048	5643	6357
0.4765	1623	1800
0.49215	3419	3816
0.5108	5494	6280
0.4805	4585	5055
0.50435	7291	8198
0.51415	7295	8271
0.4808	3351	3705
0.5015	7081	7898
0.51555	7459	8498
0.4777	2425	2711
0.5015	5974	6672
0.4795	3189	3498
0.4961	6533	7291
0.5003	6678	7470
0.49795	6840	7653
0.4776	4178	4574
0.49365	5119	5748
0.4854	4432	4900
0.51075	7533	8537
0.48905	4498	4994
0.4825	4845	5342
0.47005	3835	4199
0.4954	4746	5296
0.47285	3700	4069
0.49175	5277	5887
0.49775	7264	8097
0.4859	5232	5814
0.484	3130	3463
0.49485	3490	3886
0.4999	4321	4839
0.47205	3713	4086
0.47805	4467	4913
0.502	6831	7660
0.4857	5559	6154
0.49445	4731	5290
0.49865	5897	6597
0.5099	5825	6613
0.4935	3915	4403
0.5016	6716	7536
0.4858	5689	6276
0.48405	4190	4614
0.4911	5225	5826
0.4734	3062	3376
0.48815	6980	7724
0.49935	6602	7363
0.5075	7422	8370
0.4956	6448	7227
0.48955	4425	4892
0.4846	3526	3892
0.5014	4443	4995
0.51465	7789	8834
0.51025	7492	8495
0.4793	3875	4273
0.48595	4457	4966
0.5014	5900	6643
0.48455	3110	3415
0.4863	6041	6693
0.4978	6598	7361
0.50125	6217	6927
0.4906	4407	4887
0.494	4292	4774
0.50995	7621	8590
0.4756	3224	3541
0.48665	5956	6592
0.49645	5280	5902
0.48375	4331	4794
0.49235	4148	4587
0.4948	6159	6870
0.4828	4833	5338
0.5009	7661	8546
0.49005	5244	5862
0.5025	7240	8159
0.50175	7149	8026
0.49075	6932	7660
0.4981	6595	7403
0.5025	5067	5707
0.4911	4888	5443
0.4875	3413	3768
0.49375	5296	5901
0.51845	7515	8541
0.4983	5964	6685
0.4894	3131	3469
0.49735	6565	7324
0.49555	4917	5509
0.49855	7015	7834
0.47855	3754	4135
0.49355	4193	4679
0.5064	7212	8123
0.49895	6871	7702
0.48915	3894	4323
0.47995	3257	3643
0.49825	3065	3419
0.5099	6519	7350
0.4876	4714	5233
0.4978	5961	6651
0.4941	5230	5851
0.48885	4934	5480
0.49875	6256	7021
0.5024	6628	7465
0.4868	5385	5938
0.48755	4564	5105
0.4915	5487	6097
0.4836	3409	3775
0.49425	6778	7543
0.5043	5758	6505
0.5032	6312	7067
0.52545	8449	9656
0.49875	5855	6591
0.5066	7565	8517
0.50475	6774	7606
0.4889	5807	6470
0.5074	6607	7408
0.497	6743	7508
0.49485	5419	6015
0.50625	7158	8064
0.46825	4411	4838
0.48945	4347	4855
0.49315	5575	6202
0.48105	3582	3975
0.50495	6713	7557
0.5085	4035	4576
0.49845	6195	6925
0.4999	7135	7984
0.47995	2665	2925
0.4865	5029	5585
0.47815	4252	4683
0.49355	6399	7116
0.4863	6310	6988
0.4918	6032	6726
0.5082	7598	8583
0.48705	3479	3873
0.50075	3157	3514
0.48895	2621	2884
0.49985	6385	7163
0.4862	4318	4815
0.4869	5341	5951
0.4929	5323	5979
0.50605	6808	7678
0.48275	2419	2653
0.48525	4548	5060
0.5101	7723	8741
0.49865	5780	6454
0.50055	5181	5797
0.4958	4628	5194
0.4935	5854	6546
0.5037	6623	7424
0.49945	7256	8106
0.49445	4512	5029
0.48645	4031	4511
0.4814	5419	6002
0.48545	2922	3210
0.5001	6124	6841
0.4794	4268	4714
0.485	5546	6158
0.50305	6158	6897
0.49565	6485	7257
0.5045	7676	8600
0.47985	5270	5812
0.49445	5588	6232
0.46805	2136	2354
0.4858	4430	4967
0.5063	5662	6337
0.50035	6387	7205
0.50435	6106	6880
0.494	6128	6838
0.501	6977	7851
0.4832	4786	5316
0.4979	5959	6691
0.4943	6941	7766
0.4941	6225	6932
0.487	4855	5378
0.49695	5377	6002
0.49585	6186	6901
0.5035	4275	4801
0.4867	3263	3635
0.49865	5523	6172
0.48435	4267	4724
0.48785	6163	6824
0.4897	3946	4368
0.49285	4483	4983
0.5067	6987	7833
0.50575	6052	6841
0.4851	4050	4474
0.489	2620	2950
0.48675	4741	5290
0.47505	4488	4927
0.49525	5278	5902
0.4987	5432	6081
0.4871	4072	4494
0.4836	4125	4581
0.5	6005	6718
0.47735	3115	3452
0.49915	6559	7386
0.52205	7518	8583
0.50185	4357	4902
0.499	7268	8140
0.48375	3285	3621
0.48535	4073	4545
0.4871	5502	6108
0.48525	4465	4985
0.4936	5822	6472
0.48965	6518	7239
0.5031	6585	7416
0.4927	6174	6855
0.4931	6276	7007
0.50515	6317	7111
0.4965	5139	5726
0.49125	3821	4241
0.4989	6654	7443
0.4917	4404	4904
0.49295	5024	5607
0.4939	6501	7290
0.50445	6425	7228
0.50385	6691	7480
0.4934	4833	5390
0.5052	6978	7823
0.49245	6827	7594
0.4897	4713	5250
0.485	6156	6792
0.49445	4664	5205
0.49405	6754	7505
0.4738	3271	3589
0.50615	7078	8003
0.4969	7064	7920
0.49875	6075	6776
0.4771	3420	3732
0.47955	3602	3981
0.4961	6454	7203
0.4991	6494	7266
0.4827	5781	6418
0.50255	7034	7871
0.48655	4156	4634
0.50875	7129	8053
0.50895	5866	6603
0.49575	5689	6381
0.4905	5568	6172
0.50115	6735	7556
0.50075	6914	7736
0.48095	4827	5336
0.4959	6000	6677
0.47925	4489	4987
0.4909	5704	6381
0.49505	3344	3753
0.5012	6954	7822
0.48685	5668	6234
0.49185	6661	7410
0.50815	6925	7780
0.485	2765	3047
0.4957	5656	6325
0.5064	7184	8103
0.50075	5998	6731
0.49875	6418	7196
0.504	5969	6682
0.48565	5048	5590
0.4951	4645	5215
0.49565	6160	6905
0.4894	6614	7346
0.49635	4911	5478
0.4823	3919	4376
0.49685	5137	5770
0.4686	3435	3750
0.48585	4142	4592
0.49715	5546	6204
0.5008	5134	5763
0.48755	3192	3572
0.48865	4407	4910
0.49115	4155	4624
0.49415	5807	6435
0.5044	7272	8164
0.48645	5857	6523
0.48565	6031	6697
0.4821	2761	3013
0.50755	7692	8677
0.48455	5841	6466
0.48235	4286	4744
0.48745	3864	4289
0.48845	5365	5969
0.49825	5016	5596
0.48585	5586	6189
0.49155	6583	7323
0.49295	4676	5239
0.48555	4682	5178
0.5077	7390	8332
0.50395	6854	7699
0.5004	5917	6636
0.4885	4502	4993
0.50805	6885	7765
0.5037	7315	8166
0.50785	6942	7845
0.50505	6571	7410
0.49025	4034	4504
0.5066	7787	8718
0.50445	6746	7597
0.4935	5302	5930
0.50835	7049	7956
0.4725	2101	2309
0.48545	3191	3569
0.48665	5471	6063
0.49685	4214	4710
0.4962	5908	6616
0.4967	6432	7182
0.4892	5085	5664
0.5034	3513	3928
0.49375	6448	7184
0.49805	6935	7782
0.50305	7050	7920
0.50415	6122	6881
0.4931	4482	4990
0.50655	7114	8028
0.47555	3627	3981
0.4811	3190	3561
0.48435	5877	6515
0.49855	6892	7750
0.49755	6869	7652
0.4993	6405	7199
0.48865	6334	7031
0.48805	5320	5889
0.50965	7232	8154
0.50265	5198	5824
0.5008	6288	7024
0.5092	7172	8068
0.49785	6734	7558
0.48875	4066	4540
0.4956	4715	5268
0.4952	5330	5940
0.4943	4719	5304
0.5107	7153	8062
0.48615	5130	5694
0.49775	6416	7185
0.49405	5368	5996
0.4831	4570	5074
0.4794	4734	5200
0.4885	6075	6750
0.4912	5439	6084
0.4947	4354	4872
0.503	5388	6026
0.5035	6522	7362
0.496	5647	6307
0.5049	6307	7113
0.4949	6931	7697
0.4989	6514	7303
0.47585	3788	4166
0.50365	6339	7112
0.48275	5049	5567
0.4945	5847	6546
0.4857	2866	3202
0.50075	5174	5802
0.49625	7101	7941
0.4977	6832	7666
0.5132	7792	8810
0.48415	4492	4961
0.494	3407	3795
0.5042	7418	8294
0.49175	6016	6715
0.49155	5907	6520
0.49015	6314	7048
0.48325	3813	4196
0.4931	6543	7283
0.50755	7117	8054
0.49145	5085	5643
0.4948	4960	5499
0.49295	5296	5929
0.507	7464	8404
0.5024	7266	8152
0.48495	3684	4092
0.4966	2213	2465
0.48755	5790	6423
0.49755	7141	7989
0.50335	6813	7653
0.49465	4527	5080
0.50425	6714	7529
0.49235	5919	6599
0.48605	5854	6511
0.4891	4577	5117
0.50375	7016	7872
0.5094	7234	8168
0.49805	4490	5028
0.49525	5960	6712
0.47045	2465	2719
0.4973	6369	7128
0.48795	5585	6188
0.4889	5629	6234
0.5041	6699	7514
0.50035	7080	7942
0.49355	6371	7082
0.47175	3793	4164
0.49435	5885	6580
0.48965	5148	5691
0.5072	7049	7954
0.4874	6029	6647
0.5012	5916	6628
0.49125	4674	5192
0.4864	3756	4158
0.5048	7143	8002
0.4841	6109	6789
0.501	5546	6257
0.4933	3316	3704
0.506	6317	7139
0.51055	5825	6543
0.49125	5200	5771
0.50365	5809	6566
0.48945	3601	4015
0.49835	6023	6729
0.5093	7753	8760
0.51525	7388	8377
0.49615	4942	5514
0.51065	7082	8020
0.4826	4374	4823
0.4945	5703	6373
0.49045	5455	6025
0.52195	8168	9292
0.47785	3761	4157
0.49	5598	6238
0.4925	5842	6472
0.47575	3832	4242
0.48235	4686	5188
0.50305	7452	8360
0.50045	5648	6381
0.4934	5139	5748
0.48565	3165	3510
0.4893	5848	6496
0.48585	4167	4648
0.49015	4353	4836
0.50215	5459	6150
0.50625	5820	6580
0.4974	6036	6753
0.4747	3104	3448
0.4994	5464	6104
0.49265	5914	6559
0.4903	4794	5406
0.50215	3246	3637
0.4824	6430	7127
0.49785	5711	6368
0.5019	7087	7950
0.48215	4053	4468
0.48275	3985	4408
0.4787	3077	3408
0.49055	4080	4559
0.50275	7281	8185
0.50825	5380	6037
0.49095	5329	5901
0.4935	5045	5585
0.48055	4488	4988
0.49415	4572	5077
0.50415	7109	8009
0.5033	4588	5136
0.48685	4886	5432
0.5042	6442	7252
0.4962	4712	5280
0.4922	6286	7011
0.4986	5242	5856
0.50115	6642	7454
0.49885	5817	6527
0.51395	7473	8489
0.50205	4622	5227
0.5039	6567	7398
0.49645	4815	5378
0.51325	6312	7127
0.51485	7166	8129
0.4935	5862	6527
0.4823	2743	3082
0.5033	6724	7541
0.5048	6965	7861
0.49345	6962	7728
0.49235	6781	7548
0.50765	5342	6084
0.497	5749	6427
0.4755	3831	4183
0.4911	6139	6845
0.4768	2744	3038
0.4805	4042	4451
0.4904	5983	6685
0.48795	5495	6078
0.46935	3222	3528
0.5066	7740	8729
0.5061	6793	7646
0.49745	7061	7898
0.493	6152	6816
0.50065	6737	7605
0.48665	5579	6151
0.4973	6953	7776
0.5067	6889	7742
0.50205	6999	7849
0.48715	4053	4554
0.5046	5274	5946
0.5082	6346	7196
0.4952	6058	6786
0.48575	4195	4651
0.4945	6274	6955
0.4959	4746	5313
0.49725	6351	7098
0.48415	2775	3072
0.5022	5904	6636
0.48795	5207	5798
0.49385	6284	7069
0.49155	6000	6690
0.48805	5476	6077
0.5035	6778	7624
0.4941	1691	1887
0.49085	4191	4682
0.48665	5946	6569
0.48335	3364	3709
0.5076	7530	8483
0.492	5284	5925
0.4835	5223	5802
0.51995	8063	9196
0.47925	5013	5547
0.4792	4066	4526
0.49495	4998	5599
0.51725	6631	7550
0.48875	3490	3891
0.49335	4857	5424
0.50455	5808	6529
0.4795	4103	4560
0.48855	5728	6398
0.48945	4209	4722
0.49495	5208	5794
0.49645	6033	6690
0.5016	6662	7446
0.489	5196	5758
0.48035	3744	4132
0.5087	6491	7375
0.502	5861	6555
0.49865	6400	7179
0.5111	6662	7551
0.4872	3805	4189
0.4925	6210	6914
0.49555	6551	7266
0.50665	5841	6587
0.4917	6457	7204
0.50055	6781	7607
0.4975	5910	6619
0.49945	4858	5415
0.509	6998	7869
0.508	7675	8608
0.4848	3217	3558
0.5007	7051	7905
0.4784	3228	3559
0.4921	5619	6223
0.4947	6099	6804
0.49215	6654	7344
0.48505	2962	3279
0.5022	6652	7477
0.49385	6080	6730
0.49295	3803	4245
0.4867	4730	5241
0.4883	5068	5629
0.50625	7779	8719
0.50065	5714	6408
0.50145	6220	6985
0.5003	6304	7027
0.4925	5121	5705
0.49165	4985	5568
0.4793	3409	3773
0.5136	7398	8415
0.50815	7320	8221
0.47675	4160	4612
0.49355	6434	7149
0.4997	3194	3593
0.49655	5715	6405
0.51065	5305	5982
0.48335	3157	3469
0.4833	6157	6804
0.49585	5066	5628
0.48705	2921	3237
0.49365	6032	6697
0.50805	6867	7746
0.50225	7117	8007
0.4982	6614	7414
0.49845	3504	3896
0.49885	6440	7223
0.4961	6399	7158
0.51415	7838	8838
0.50125	6879	7712
0.4903	4585	5111
0.50185	5697	6411
0.5171	7678	8736
0.513	7512	8530
0.4974	6515	7290
0.49715	5407	6080
0.46925	1968	2159
0.5007	2454	2743
0.4855	6252	6898
0.47185	2493	2756
0.49715	6313	7033
0.4917	5505	6128
0.5171	4613	5247
0.48915	4909	5425
0.4862	3219	3571
0.4955	5198	5790
0.5024	4652	5243
0.4921	6402	7119
0.4782	4725	5199
0.50845	7337	8299
0.4892	4236	4716
0.49625	6848	7625
0.49675	6193	6967
0.4736	3558	3935
0.48785	5525	6143
0.4996	4502	5044
0.49925	6063	6816
0.4503	1702	1854
0.48945	4103	4581
0.4855	6227	6865
0.4984	6778	7573
0.49765	5201	5837
0.49635	6162	6851
0.4897	4918	5475
0.49625	7248	8019
0.4832	3613	3993
0.50665	6760	7633
0.49055	4221	4702
0.50065	6410	7186
0.492	5575	6176
0.5013	6120	6884
0.49255	4645	5222
0.49385	7037	7791
0.49205	6761	7484
0.4918	6697	7433
0.48225	5925	6608
0.4875	4852	5411
0.49085	6394	7111
0.4881	3193	3554
0.4868	3282	3650
0.48785	4377	4867
0.4841	5081	5640
0.4808	5643	6228
0.4805	4533	4988
0.49565	5239	5855
0.5011	4369	4887
0.5146	7467	8461
0.47495	2181	2398
0.5149	5691	6429
0.4878	6225	6870
0.4856	5788	6430
0.481	3213	3517
0.5039	5907	6652
0.4902	6013	6667
0.4835	5252	5803
0.4955	7093	7916
0.49975	6005	6732
0.5032	6799	7626
0.49895	6315	7108
0.4974	3028	3400
0.497	5810	6519
0.5015	5753	6455
0.49715	5913	6611
0.486	3543	3951
0.4851	5999	6610
0.48915	5672	6294
0.48545	4203	4665
0.48975	4841	5401
0.48885	5884	6537
0.4601	1927	2115
0.48965	5348	5945
0.49125	5368	5946
0.4981	4812	5353
0.5087	7250	8196
0.5009	5956	6603
0.505	6671	7507
0.4881	5872	6506
0.493	3791	4227
0.4993	7379	8285
0.49045	5494	6104
0.4816	3930	4356
0.4911	5019	5581
0.4801	4298	4759
0.48435	2149	2359
0.5102	6369	7230
0.51105	7417	8388
0.4987	5147	5732
0.4948	3262	3630
0.48225	5183	5698
0.50295	7477	8406
0.49325	3234	3610
0.48505	3798	4197
0.4894	5119	5663
0.49595	5582	6215
0.4869	3312	3662
0.494	6242	6978
0.48665	2948	3263
0.48155	3087	3402
0.4821	4369	4812
0.48905	5580	6209
0.4858	5953	6584
0.47715	2339	2609
0.4974	6293	7026
0.4958	5507	6126
0.5045	5808	6555
0.49405	6656	7439
0.4895	3795	4244
0.49865	6674	7495
0.4979	4665	5213
0.50265	4179	4681
0.50385	6614	7443
0.48705	5023	5605
0.4876	4001	4484
0.47325	3273	3590
0.48945	3773	4208
0.49065	3503	3900
0.48595	4551	5036
0.4937	5346	5934
0.50055	7034	7843
0.49625	5889	6577
0.49675	5735	6449
0.4884	5333	5933
0.5043	6594	7449
0.4882	5870	6520
0.49375	4892	5471
0.50775	6616	7492
0.49735	5055	5666
0.50465	6611	7418
0.50605	6909	7810
0.4952	6431	7167
0.50475	7594	8523
0.49795	6715	7528
0.49485	5701	6379
0.50705	6633	7482
0.492	5062	5625
0.4837	4613	5086
0.4907	6207	6904
0.48705	4367	4848
0.50375	6940	7799
0.4996	7063	7899
0.47805	2582	2843
0.49425	4448	4996
0.49885	6276	7020
0.48925	4808	5379
0.5156	6200	7056
0.4897	5506	6101
0.50975	7377	8316
0.4985	6642	7426
0.4898	2483	2751
0.4972	6167	6928
0.48975	5140	5753
0.50595	7043	7918
0.5071	4073	4594
0.488	5081	5594
0.488	5950	6631
0.50605	5517	6201
0.49195	5415	6031
0.4827	5506	6106
0.49065	5933	6548
0.49595	6474	7255
0.5037	6953	7778
0.49565	6032	6741
0.4711	3131	3458
0.5001	5937	6647
0.51045	7618	8607
0.4995	7327	8223
0.5078	7393	8334
0.5014	5352	5971
0.4863	4946	5478
0.4916	5310	5922
0.4812	3720	4140
0.4952	4383	4906
0.4906	5523	6158
0.48875	5624	6242
0.4984	6367	7098
0.4969	5015	5569
0.49495	5062	5686
0.4974	7043	7890
0.49915	5923	6643
0.4923	4116	4609
0.49275	3561	4021
0.48195	4201	4642
0.49455	4549	5110
0.50115	6561	7358
0.4952	6350	7095
0.4965	5295	5947
0.49575	6113	6826
0.478	2973	3300
0.4965	6128	6829
0.49635	2397	2659
0.4985	5921	6654
0.4858	3960	4411
0.51055	7152	8056
0.50675	5614	6396
0.50395	5984	6761
0.4808	4985	5483
0.50005	6603	7375
0.51365	7416	8439
0.50375	7279	8169
0.5125	6509	7384
0.5077	6915	7822
0.4912	5006	5560
0.49915	6943	7793
0.4931	4994	5567
0.49465	3926	4395
0.5056	6081	6848
0.50305	4354	4892
0.49845	4919	5523
0.4962	6887	7687
0.48975	6468	7191
0.50145	6678	7471
0.48845	5029	5573
0.49365	6359	7092
0.49355	5423	6035
0.4985	5858	6568
0.4856	3369	3732
0.48005	2890	3187
0.49945	7521	8385
0.4948	4989	5580
0.4872	5532	6144
0.4896	5784	6422
0.49085	4419	4924
0.47865	5059	5543
0.4938	6305	7010
0.4916	6329	7108
0.4927	4515	5027
0.49375	5680	6297
0.49575	6494	7236
0.48805	3510	3896
0.48295	3595	3983
0.49485	3863	4334
0.4993	7052	7904
0.49185	4065	4545
0.4917	4322	4786
0.49655	7027	7843
0.48605	4908	5443
0.49195	5408	6040
0.49075	3705	4120
0.48325	4922	5446
0.4896	5445	6070
0.4892	6648	7367
0.49355	3797	4257
0.5084	6776	7643
0.52115	7485	8545
0.50555	7204	8117
0.5059	7370	8321
0.482	2985	3296
0.4861	5751	6414
0.4992	5918	6602
0.48535	4268	4737
0.49445	5782	6482
0.4983	6368	7122
0.4758	3319	3674
0.46855	2558	2823
0.5024	7141	8000
0.5072	5986	6769
0.47675	4103	4509
0.49845	6617	7384
0.5112	7517	8530
0.50225	6191	6953
0.50055	7119	7984
0.4932	6977	7812
0.50105	7083	7944
0.50045	5767	6501
0.49345	6733	7520
0.4953	7089	7895
0.50535	7087	7972
0.4888	4088	4570
0.47215	2502	2770
0.48985	4598	5119
0.49765	6455	7213
0.48945	3127	3484
0.5055	6899	7781
0.48995	5428	6057
0.49505	5597	6250
0.4965	7272	8089
0.48785	5664	6297
0.50565	7397	8295
0.5092	7007	7930
0.4978	7129	7940
0.49075	6608	7338
0.49155	5260	5824
0.49455	5637	6266
0.49365	3011	3374
0.5004	5657	6381
0.49685	5987	6666
0.4964	6611	7413
0.5091	7005	7906
0.49345	5366	6010
0.507	7367	8293
0.48685	4049	4475
0.4944	5696	6366
0.4957	6472	7254
0.4936	5098	5716
0.46905	2497	2749
0.5028	7025	7876
0.4912	4559	5080
0.50085	5835	6533
0.4947	4874	5426
0.4884	5316	5873
0.48725	3948	4437
0.48195	4995	5524
0.48945	6142	6844
0.4953	5171	5755
0.4881	5006	5590
0.5036	7519	8457
0.49205	6279	6997
0.481	5076	5630
0.5053	7213	8097
0.49145	4475	4951
0.4669	2900	3160
0.50435	4000	4496
0.5044	5830	6609
0.50425	6566	7404
0.50395	5322	5961
0.50165	5360	6043
0.49855	5665	6371
0.50605	6814	7646
0.4865	4761	5304
0.5064	7602	8555
0.49395	4672	5188
0.5024	6745	7609
0.49155	2480	2744
0.48515	5648	6308
0.4899	6015	6712
0.4709	2521	2765
0.507	6338	7154
0.4983	6667	7435
0.51025	7108	8011
0.50455	7455	8344
0.49285	2563	2848
0.4881	5467	6054
0.5098	5176	5838
0.5098	7584	8603
0.49915	3991	4521
0.49295	5113	5677
0.50575	6290	7075
0.4887	4293	4756
0.48925	4739	5320
0.49695	5972	6695
0.5118	7062	7990
0.51325	6345	7232
0.4961	5824	6541
0.50245	5200	5839
0.4867	4081	4536
0.4918	5651	6316
0.49415	4832	5411
0.4817	2402	2646
0.4833	4657	5121
0.48875	4846	5387
0.51235	7234	8184
0.5038	7033	7915
0.4787	4678	5183
0.51015	6752	7657
0.4976	3701	4129
0.4992	6866	7666
0.4962	5345	5969
0.50565	7037	7912
0.51695	7070	8051
0.4884	5583	6192
0.49505	5919	6596
0.5065	7344	8255
0.4966	5756	6472
0.4898	2646	2931
0.4951	4415	4965
0.5003	5369	5998
0.50765	6795	7721
0.49725	5796	6533
0.48035	4381	4807
0.49225	6099	6808
0.49	6788	7522
0.51125	7905	8973
0.49975	5821	6521
0.4915	5884	6549
0.49465	2920	3258
0.488	6351	7034
0.48245	3661	4051
0.487	5431	6035
0.494	5612	6316
0.51	7301	8249
0.50325	7553	8500
0.49935	6808	7623
0.48885	2463	2739
0.4897	3563	3971
0.49485	6887	7689
0.4963	7344	8191
0.4806	3477	3839
0.48645	6064	6723
0.4928	6729	7520
0.48595	5644	6221
0.49285	5942	6645
0.498	3469	3872
0.48965	5999	6663
0.4932	4187	4652
0.5141	7555	8551
0.48495	4370	4831
0.5002	4191	4672
0.4966	6527	7273
0.4902	3908	4346
0.4874	5765	6407
0.49145	5707	6379
0.4709	2749	3014
0.503	7099	7931
0.49235	3770	4180
0.48605	6475	7177
0.508	6404	7227
0.4945	6225	6954
0.49865	3859	4296
0.48455	4673	5196
0.50255	7638	8571
0.4772	3501	3867
0.50125	5980	6705
0.51835	7888	8967
0.509	3683	4168
0.489	4424	4878
0.48185	3130	3456
0.4834	5011	5543
0.48405	2787	3080
0.5073	7298	8234
0.4986	5909	6609
0.4869	4890	5432
0.4935	5988	6684
0.4939	3045	3391
0.52265	7928	9072
0.4685	2826	3119
0.5014	5539	6182
0.4813	3726	4114
0.502	6882	7699
0.505	5438	6123
0.50455	6893	7750
0.4998	4717	5286
0.49455	5343	6014
0.497	4446	4975
0.4892	5770	6413
0.48885	4544	5082
0.5019	7503	8378
0.50715	5773	6489
0.48895	4263	4725
0.4938	5709	6416
0.49595	5008	5596
0.50835	7524	8487
0.501	3438	3840
0.51295	7739	8796
0.50155	4797	5379
0.4833	5872	6510
0.49615	6162	6893
0.4988	5711	6409
0.5003	6863	7729
0.48205	4765	5280
0.49145	5162	5764
0.50605	7271	8183
0.49195	6344	7066
0.49125	3141	3527
0.50045	5418	6084
0.4946	5402	5980
0.502	7089	7924
0.49125	4564	5085
0.48785	4076	4548
0.5074	6844	7719
0.46555	1606	1767
0.491	6649	7373
0.48745	6200	6901
0.5003	5842	6535
0.49885	5291	5918
0.5209	7960	9084
0.50725	7139	8047
0.48235	4490	4959
0.4813	2564	2852
0.5051	7610	8552
0.47945	2669	2933
0.49225	3386	3773
0.502	4412	4969
0.50425	7395	8307
0.5084	7205	8137
0.4997	5860	6596
0.49805	5057	5676
0.4992	6300	7054
0.495	6495	7244
0.50535	6975	7854
0.49285	5913	6595
0.49855	6601	7379
0.47595	5017	5504
0.4736	2759	3044
0.47265	2504	2711
0.50045	7125	7977
0.4996	6467	7244
0.49775	6155	6935
0.4852	2785	3101
0.51965	6698	7656
0.5039	7411	8325
0.4853	3988	4424
0.504	7073	7955
0.49675	5955	6675
0.4853	6051	6645
0.50095	5943	6629
0.50435	7549	8510
0.49285	6429	7144
0.49995	6662	7436
0.4851	5778	6407
0.48485	5117	5671
0.48995	4325	4823
0.5022	7219	8117
0.49845	6396	7138
0.48435	5608	6196
0.4967	6943	7769
0.48945	6143	6795
0.49485	5010	5612
0.49885	5486	6124
0.50765	7063	7963
0.4918	3680	4099
0.48675	4928	5462
0.4917	5514	6141
0.49005	5263	5850
0.4896	3723	4120
0.4868	4779	5340
0.5069	6868	7715
0.49905	6850	7669
0.50235	4594	5177
0.49975	6722	7484
0.49085	4746	5281
0.5099	7384	8379
0.4991	6217	6944
0.48835	2885	3221
0.4899	4276	4752
0.49715	7234	8122
0.49765	4334	4855
0.4883	3129	3497
0.51195	7405	8369
0.48885	5394	6018
0.4907	6344	7088
0.50265	6245	7035
0.5065	6932	7809
0.4724	2797	3064
0.48615	1968	2191
0.4976	7068	7909
0.50555	6089	6824
0.4983	5900	6605
0.49625	6098	6833
0.50245	6571	7401
0.49145	5421	6036
0.4988	3029	3377
0.5061	5387	6057
0.50545	7099	7943
0.49315	6441	7149
0.5034	6459	7259
0.48785	5738	6385
0.5131	7741	8740
0.4797	4330	4776
0.485	4375	4872
0.49455	6166	6870
0.48625	3887	4310
0.4863	3757	4163
0.4897	6479	7182
0.50955	6594	7460
0.49035	6094	6768
0.49775	7069	7881
0.52115	7165	8174
0.48295	5494	6097
0.50715	7527	8477
0.4996	6815	7637
0.4753	4861	5330
0.502	6992	7889
0.49415	5038	5607
0.50015	7059	7924
0.48905	6361	7066
0.49155	6079	6737
0.49455	6657	7411
0.4837	4442	4909
0.50185	7169	8054
0.4894	5290	5904
0.4893	3068	3433
0.4977	6911	7664
0.50315	5977	6745
0.50245	7037	7919
0.4899	4992	5529
0.4997	4255	4718
0.49045	5407	6009
0.5003	3951	4434
0.49445	5678	6340
0.5021	6815	7634
0.48745	3704	4126
0.48595	4590	5059
0.48265	2118	2360
0.49495	3763	4231
0.4827	5491	6079
0.49485	7024	7824
0.50665	7610	8537
0.49955	4877	5461
0.50045	7003	7846
0.4926	5178	5784
0.50765	6591	7461
0.49205	4886	5460
0.4998	3426	3848
0.4717	2050	2250
0.4933	6125	6789
0.49015	5361	5947
0.48785	3577	4001
0.45885	2329	2534
0.49885	6724	7547
0.49155	5381	5984
0.48255	5831	6422
0.49825	6055	6793
0.4991	6766	7573
0.49195	5285	5898
0.4942	5715	6402
0.5045	6879	7756
0.50765	6251	7038
0.5156	7848	8915
0.5083	6448	7274
0.4968	6210	6971
0.4919	4335	4840
0.49845	6579	7390
0.49495	6652	7395
0.48685	5070	5641
0.49	5636	6269
0.50165	6087	6840
0.5072	7318	8278
0.49205	4425	4934
0.48085	3774	4163
0.48355	4439	4895
0.5015	6562	7363
0.49955	7349	8203
0.4827	3002	3306
0.5	4046	4535
0.4973	4748	5332
0.49835	4835	5398
0.4953	6474	7228
0.4954	5806	6470
0.497	6963	7754
0.4983	5976	6675
0.48705	4769	5271
0.48315	5125	5636
0.5004	6493	7311
0.47845	5279	5839
0.4969	5258	5888
0.49355	6452	7183
0.4839	4041	4473
0.4968	5505	6150
0.4861	3862	4282
0.4798	4430	4908
0.477	2261	2485
0.48195	2904	3229
0.48555	4993	5563
0.4854	3670	4053
0.48595	5187	5738
0.4916	4152	4678
0.48815	6357	7078
0.49985	5919	6639
0.50895	7034	7950
0.48735	4174	4641
0.4939	6045	6711
0.5052	6009	6759
0.5051	6544	7350
0.4886	4330	4825
0.4886	4301	4790
0.49275	5228	5864
0.4894	3048	3380
0.48915	5539	6162
0.4948	6256	7019
0.48815	3256	3646
0.4905	5549	6215
0.4938	4994	5544
0.49	3969	4429
0.47795	4047	4443
0.49735	4368	4890
0.49755	6252	7012
0.51005	7156	8095
0.49675	5957	6607
0.49255	4912	5443
0.49105	6018	6696
0.4897	5381	6003
0.48835	3494	3863
0.4903	5386	5976
0.49705	5163	5788
0.49525	6585	7390
0.48645	3918	4323
0.50905	5984	6764
0.5169	7195	8215
0.4894	4400	4910
0.4848	4009	4407
0.5005	7091	7949
0.50195	6734	7566
0.4913	6441	7194
0.4886	6365	7079
0.48975	6655	7428
0.5133	7727	8742
0.49465	5814	6490
0.5058	7653	8648
0.47375	2575	2822
0.4883	4326	4819
0.48405	3745	4159
0.4935	6532	7244
0.4894	6084	6776
0.50525	6043	6815
0.49725	6400	7186
0.4801	1910	2122
0.5038	6638	7476
0.4783	2122	2334
0.50875	7206	8138
0.4909	4462	4951
0.4896	3845	4271
0.48495	3803	4205
0.48095	3605	3966
0.4933	6042	6713
0.4866	2539	2827
0.47875	2242	2496
0.5034	6669	7485
0.4957	3200	3584
0.4759	5355	5907
0.4748	3215	3540
0.48995	5016	5620
0.4853	3864	4289
0.4978	7152	7983
0.50585	6885	7750
0.4995	5820	6508
0.48875	5313	5911
0.49055	6162	6871
0.4956	4779	5328
0.49215	6212	6929
0.49665	7276	8095
0.4889	4218	4703
0.5049	6960	7830
0.4997	6305	7065
0.4944	6073	6798
0.5052	6772	7602
0.502	6752	7609
0.5144	6423	7295
0.4961	5358	6014
0.49335	6650	7377
0.49115	3014	3343
0.5182	8067	9178
0.48905	5699	6330
0.4963	6730	7507
0.493	6565	7314
0.5102	6921	7847
0.4903	5955	6612
0.4873	5233	5786
0.49035	4993	5536
0.49795	6445	7168
0.4882	6185	6857
0.48435	4322	4794
0.48965	4464	4954
0.4836	5522	6113
0.4917	5131	5707
0.4935	4974	5538
0.4944	6449	7151
0.50515	6595	7422
0.50865	6446	7276
0.5101	7934	8959
0.50055	5276	5928
0.4853	4811	5331
0.4987	5844	6552
0.4814	3849	4233
0.5053	7397	8293
0.5007	6759	7594
0.5011	6395	7188
0.5056	7710	8663
0.5008	6184	6923
0.4791	4659	5178
0.5091	7355	8315
0.49295	5910	6606
0.49585	6808	7634
0.50475	6182	6936
0.5059	6315	7096
0.4959	5968	6628
0.4827	5366	5914
0.50145	6783	7615
0.4863	4706	5217
0.494	5050	5630
0.5069	7074	7993
0.4927	5118	5686
0.4854	5356	5985
0.4909	4564	5092
0.49855	6193	6910
0.49455	6351	7072
0.50265	6122	6883
0.5007	4729	5334
0.5022	4171	4684
0.4845	5318	5835
0.5099	7352	8326
0.49465	2655	2925
0.4894	5096	5649
0.5001	6766	7578
0.4848	3906	4352
0.50545	7582	8514
0.4968	6141	6898
0.49285	4283	4791
0.48245	4391	4847
0.5063	6033	6810
0.50035	5656	6327
0.497	6878	7731
0.49035	3984	4397
0.49405	6395	7124
0.50655	7499	8440
0.5056	6139	6949
0.4991	6026	6764
0.4909	3016	3357
0.5044	7192	8057
0.4944	6147	6848
0.49105	5347	5973
0.49675	5177	5769
0.47445	1712	1889
0.5061	7065	7949
0.49815	6626	7408
0.5137	6937	7836
0.5113	7627	8595
0.48845	4761	5274
0.49325	6423	7125
0.48785	4024	4524
0.4912	4879	5444
0.48965	5900	6598
0.48985	5491	6079
0.49255	6135	6836
0.48655	5749	6396
0.51065	6721	7643
0.492	3897	4353
0.4937	6506	7268
0.50575	7399	8339
0.5076	6064	6826
0.50625	5736	6481
0.47665	3162	3469
0.49775	6156	6894
0.49385	6026	6749
0.50545	7356	8268
0.50155	6218	6945
0.5008	5787	6504
0.5117	7136	8062
0.48325	4979	5491
0.49715	5867	6567
0.4887	4098	4548
0.4883	4479	4979
0.4957	4124	4595
0.4896	6582	7346
0.4863	3309	3679
0.49765	3714	4188
0.50425	7466	8396
0.50405	7191	8082
0.49515	5550	6214
0.51225	6890	7840
0.48985	4922	5512
0.48295	5125	5658
0.50105	6831	7637
0.50425	6756	7570
0.49775	5404	6024
0.47185	3310	3654
0.4911	5708	6360
0.47885	3006	3306
0.49715	5560	6201
0.49325	6027	6710
0.4869	6356	7052
0.51675	6617	7587
0.4759	3815	4204
0.4846	5250	5827
0.5056	7063	7967
0.4855	5186	5749
0.48695	4259	4715
0.49255	4733	5314
0.49015	5972	6669
0.5091	7414	8405
0.499	6896	7713
0.4935	5747	6462
0.51305	7083	8038
0.4827	4251	4681
0.4866	5300	5858
0.48805	2242	2517
0.4934	5208	5808
0.5037	7133	8019
0.4944	2243	2516
0.4993	4226	4733
0.48415	4930	5445
0.5062	6341	7136
0.49315	6301	7017
0.49555	6167	6896
0.4719	4201	4602
0.5153	7815	8870
0.4989	6060	6783
0.48475	3153	3476
0.5	6758	7545
0.4965	6444	7200
0.483	3986	4436
0.49605	5404	6067
0.48265	4324	4761
0.5107	7313	8236
0.487	4583	5083
0.49705	4568	5090
0.50765	7400	8376
0.49745	6373	7103
0.49215	4303	4791
0.4597	2311	2529
0.4994	5678	6379
0.49455	6246	6975
0.46915	2172	2381
0.4804	3741	4119
0.48195	2090	2309
0.4801	3081	3421
0.48925	5439	6086
0.49235	6333	7032
0.4995	5250	5862
0.50275	6943	7783
0.48055	3525	3891
0.50395	6610	7441
0.49695	6069	6782
0.4987	6619	7408
0.4834	5351	5939
0.49585	5915	6614
0.49045	3468	3847
0.486	4140	4596
0.4766	2820	3125
0.49545	6025	6733
0.48945	3966	4421
0.4975	4330	4828
0.4987	6234	6951
0.48855	4862	5394
0.496	6117	6822
0.4869	5728	6392
0.48595	6140	6823
0.4944	3979	4434
0.50365	5561	6285
0.49085	5418	6021
0.4926	5906	6589
0.4861	6182	6886
0.48665	5067	5618
0.4682	1925	2107
0.49955	5869	6605
0.4937	4784	5341
0.4959	5920	6618
0.4948	4396	4926
0.51075	7664	8655
0.4866	6177	6855
0.4894	6117	6832
0.4953	5716	6377
0.5085	6622	7439
0.51175	6234	7059
0.49415	6137	6888
0.4932	6273	6943
0.46685	2568	2809
0.50085	7012	7860
0.51465	7962	9031
0.48695	5576	6181
0.4874	6466	7169
0.49115	4783	5354
0.50275	6397	7177
0.4899	4140	4630
0.48735	6030	6703
0.4783	4450	4909
0.48775	4265	4725
0.51455	7947	9004
0.50105	6536	7313
0.47645	4910	5393
0.5005	7198	8057
0.4927	2608	2879
0.477	2974	3317
0.5085	7076	8007
0.509	5819	6530
0.4835	4154	4613
0.51105	8006	9030
0.4997	6780	7597
0.49945	7439	8311
0.507	7453	8369
0.4915	5886	6558
0.4953	5368	5998
0.4861	5090	5685
0.49645	6392	7149
0.49405	5132	5707
0.49235	5678	6317
0.48695	6333	7016
0.49785	6179	6935
0.5115	7817	8834
0.48895	5307	5917
0.48795	5451	6050
0.49115	6267	6967
0.48725	5250	5866
0.50085	6553	7397
0.49495	4396	4914
0.4995	5165	5756
0.48625	6196	6877
0.50025	5425	6117
0.4769	3986	4421
0.50255	5577	6302
0.49905	6354	7104
0.5151	7721	8736
0.49145	3710	4138
0.49165	4783	5329
0.48955	5692	6317
0.4842	5022	5580
0.49385	4949	5556
0.49565	5625	6310
0.4968	6457	7216
0.4952	6287	6988
0.47565	4100	4491
0.4977	6814	7602
0.5031	6744	7602
0.50085	6287	7029
0.45455	1667	1817
0.4911	1982	2215
0.50285	6575	7402
0.49575	4678	5181
0.4916	5703	6334
0.489	5755	6434
0.4895	6160	6840
0.50435	6610	7470
0.4882	6166	6863
0.51425	7917	8986
0.47455	3085	3437
0.50585	5000	5604
0.49775	5549	6197
0.4801	5864	6480
0.49325	6107	6769
0.4829	4585	5059
0.4868	4910	5450
0.4862	5958	6609
0.49365	6426	7148
0.50605	7241	8171
0.48345	4057	4501
0.49165	4983	5585
0.51445	7835	8851
0.4838	5629	6230
0.4838	5589	6192
0.4993	6076	6824
0.4995	6631	7366
0.4991	5723	6418
0.51505	7656	8725
0.48275	6147	6784
0.5102	7255	8218
0.4954	6892	7684
0.50455	7020	7883
0.5068	5553	6285
0.49735	5788	6476
0.4893	5739	6396
0.48575	4683	5198
0.51085	7170	8096
0.4965	5310	5955
0.49915	5989	6737
0.5069	6610	7464
0.50095	5740	6434
0.4989	6858	7643
0.48765	5431	6049
0.49675	6683	7428
0.5001	7036	7860
0.487	4348	4839
0.50995	7500	8457
0.49735	4841	5412
0.4849	3107	3445
0.50505	6899	7757
0.50125	6651	7400
0.50075	6447	7222
0.5034	6878	7706
0.49565	6501	7267
0.49635	4467	4980
0.47865	4841	5341
0.49235	6293	7011
0.483	4801	5328
0.51135	4808	5426
0.4845	4989	5504
0.4736	3609	3938
0.4785	5821	6381
0.4993	6160	6880
0.4977	6985	7809
0.49415	3660	4101
0.4917	5995	6682
0.49455	5805	6457
0.49355	5481	6105
0.4764	4511	4959
0.50255	7246	8154
0.48935	6014	6735
0.5037	7100	7971
0.4951	6483	7234
0.4984	6653	7443
0.4961	5136	5747
0.49145	4611	5158
0.49585	6936	7712
0.4963	5691	6374
0.4983	6392	7162
0.49525	2449	2771
0.49445	5105	5677
0.50535	7078	7941
0.5028	5528	6230
0.49565	6404	7186
0.48825	4548	5079
0.47815	2756	3043
0.50635	7424	8313
0.49345	5690	6340
0.49335	4639	5178
0.49065	6248	6929
0.4952	6911	7726
0.4891	5711	6333
0.4747	4302	4762
0.4844	3830	4226
0.48305	3761	4178
0.49355	4068	4561
0.49085	5791	6433
0.49415	6117	6843
0.5025	6817	7660
0.50505	6499	7260
0.51505	6836	7757
0.4936	5139	5765
0.4943	4780	5311
0.4858	4924	5481
0.4843	5019	5576
0.48615	4613	5133
0.4975	6396	7169
0.49495	6869	7673
0.4936	6046	6734
0.4977	6911	7770
0.491	5616	6223
0.501	5074	5682
0.49505	5375	6005
0.48505	5334	5904
0.5016	5938	6673
0.4898	5135	5709
0.5016	7033	7910
0.48995	5469	6024
0.4956	6515	7251
0.49135	6174	6888
0.4978	6263	7009
0.48925	3989	4422
0.50315	7243	8115
0.5039	6793	7650
0.50525	7440	8366
0.4893	4239	4722
0.49795	5395	5989
0.4968	6255	7007
0.49475	6662	7425
0.49845	6118	6852
0.5027	6090	6868
0.48945	4065	4492
0.49495	6484	7242
0.49745	5847	6546
0.4933	4019	4491
0.48545	5515	6113
0.5068	7646	8583
0.48075	4475	4936
0.5012	7317	8200
0.4771	3795	4190
0.48615	5061	5603
0.4901	5457	6058
0.4912	6288	6983
0.5179	7641	8693
0.4932	6436	7182
0.4975	5877	6577
0.49015	6188	6931
0.4927	6259	6979
0.4931	5204	5764
0.5025	6323	7088
0.51045	6252	7076
0.4938	2220	2490
0.5009	5137	5766
0.4646	2466	2693
0.49565	6435	7174
0.49765	3478	3917
0.49665	6430	7190
0.50275	6997	7831
0.4874	5328	5875
0.4707	1807	1961
0.4888	4651	5189
0.50875	7188	8104
0.50535	6311	7114
0.515	7969	9034
0.5037	4468	5048
0.47835	4864	5373
0.51485	7280	8250
0.49655	5819	6524
0.5065	7051	7970
0.48475	3680	4055
0.49625	5383	6005
0.4881	2464	2762
0.50615	5302	6008
0.49635	6303	7091
0.48975	6588	7309
0.4722	3407	3762
0.47705	5394	5921
0.49535	5879	6527
0.49565	6046	6767
0.5026	6833	7675
0.4975	6221	6938
0.5196	6993	7977
0.50925	7768	8754
0.49515	4650	5192
0.4825	3571	3956
0.49745	6767	7558
0.48335	5346	5911
0.4949	6619	7395
0.5012	7385	8267
0.49095	5181	5795
0.49735	6342	7067
0.5	2627	2925
0.51455	7604	8651
0.5074	6723	7570
0.49055	5283	5857
0.4879	2834	3149
0.49475	6377	7129
0.50085	6179	6905
0.4994	6094	6809
0.47405	3270	3560
0.4859	5592	6170
0.48955	5707	6356
0.50455	6705	7536
0.5099	6785	7672
0.4998	6071	6791
0.49265	5193	5798
0.48295	4790	5265
0.493	5996	6675
0.48615	3862	4282
0.51565	7489	8540
0.49525	6801	7622
0.49285	5731	6376
0.5027	6972	7813
0.4964	5289	5920
0.5032	7099	7980
0.4906	4917	5456
0.4949	6248	7001
0.46785	2075	2269
0.4971	6034	6722
0.48445	5869	6506
0.49565	5286	5954
0.492	6492	7206
0.4982	6299	7063
0.489	6277	6986
0.4948	6183	6896
0.50485	7295	8179
0.4867	6046	6719
0.49705	5453	6113
0.5006	4737	5264
0.48765	4518	5040
0.49635	5001	5613
0.50055	6645	7440
0.50635	7549	8489
0.50165	6650	7424
0.5108	4028	4593
0.47735	4892	5366
0.50765	7699	8659
0.47695	2231	2443
0.4973	7193	8062
0.4966	6412	7186
0.4748	2693	2973
0.4672	1946	2152
0.4842	2980	3284
0.47685	3019	3324
0.50285	5670	6409
0.49285	4855	5384
0.4845	3264	3593
0.5277	7693	8837
0.4981	6004	6735
0.4851	3413	3758
0.5084	6375	7213
0.4997	5642	6308
0.49615	6703	7509
0.49975	5609	6323
0.48125	5763	6357
0.5093	5650	6400
0.49535	4012	4460
0.4855	2156	2374
0.5045	6056	6802
0.49945	5510	6159
0.5096	7067	7987
0.47535	4204	4638
0.5031	7181	8111
0.49235	4288	4776
0.46955	1893	2073
0.4981	6915	7708
0.4872	4477	5027
0.49405	6408	7123
0.5044	7498	8407
0.47715	4293	4711
0.48075	3952	4388
0.50205	7477	8343
0.4976	6388	7133
0.5071	7173	8061
0.48085	4969	5476
0.4869	5750	6398
0.48915	5492	6109
0.50365	7139	8025
0.49685	5708	6350
0.49175	6967	7738
0.51575	7163	8136
0.503	7340	8227
0.51105	6763	7693
0.4936	6053	6762
0.49705	6791	7568
0.49875	6781	7630
0.5118	7374	8363
0.49735	3837	4299
0.4722	2022	2191
0.48825	5973	6651
0.4876	4939	5502
0.50115	5875	6621
0.4875	3380	3747
0.48915	5347	5942
0.49185	6157	6841
0.4949	6145	6857
0.5031	5905	6657
0.494	6077	6782
0.4901	5914	6619
0.50555	6996	7878
0.5168	8079	9181
0.50725	6605	7443
0.49015	6240	6977
0.4866	3859	4317
0.49845	2790	3094
0.479	3892	4292
0.5044	7263	8161
0.50055	6710	7531
0.49955	4715	5303
0.49825	6134	6920
0.50845	6852	7747
0.49905	7305	8117
0.4968	3271	3662
0.5058	6855	7748
0.50235	5821	6527
0.49385	5012	5576
0.51645	7128	8078
0.49865	7316	8181
0.5054	6550	7404
0.49175	6653	7413
0.48465	2782	3098
0.49825	5632	6310
0.4869	5600	6202
0.50595	6585	7440
0.4906	5579	6185
0.48715	3618	4021
0.4953	6281	7029
0.5073	6774	7639
0.48985	3160	3508
0.4951	5774	6453
0.5051	7881	8818
0.4946	5352	5956
0.4931	6433	7183
0.49355	5929	6621
0.50565	5583	6331
0.50265	5903	6663
0.49155	4453	4968
0.49705	4144	4646
0.4815	4314	4792
0.50555	5842	6557
0.5092	7632	8621
0.49755	6487	7216
0.4975	6895	7704
0.50155	6720	7542
0.49505	6082	6746
0.50155	5766	6457
0.49505	6157	6863
0.4967	6180	6907
0.48605	5894	6544
0.50795	7532	8510
0.508	7347	8273
0.50025	6343	7149
0.50815	6763	7650
0.4835	4018	4466
0.5015	6466	7237
0.48685	4070	4505
0.5063	7082	7994
0.4731	2227	2455
0.4962	5075	5691
0.5039	6719	7548
0.49265	6532	7264
0.49485	5896	6595
0.4986	7341	8152
0.50465	6623	7480
0.50545	7104	8023
0.49805	5546	6229
0.496	5977	6694
0.49375	6574	7326
0.4876	6230	6927
0.4944	4516	5030
0.50945	5784	6578
0.48	4259	4703
0.4815	3800	4202
0.4841	5238	5817
0.50365	7598	8531
0.4994	6655	7442
0.51075	6087	6857
0.50545	6414	7222
0.51305	6882	7771
0.4879	5492	6142
0.5049	6436	7226
0.5146	7926	9037
0.49255	4025	4464
0.4961	7067	7887
0.4917	5324	5908
0.4904	5136	5710
0.50795	5660	6417
0.4951	6176	6910
0.48	6697	7392
0.4875	6010	6652
0.49025	6079	6771
0.4943	6606	7343
0.49235	5008	5567
0.4959	6199	6954
0.4903	2511	2792
0.4907	4621	5146
0.4945	5857	6532
0.5122	7224	8174
0.49625	7167	7981
0.5103	6460	7305
0.49	4143	4601
0.49325	6803	7601
0.49175	3781	4188
0.4969	7108	7970
0.49345	6482	7227
0.49235	6122	6815
0.4901	6330	7091
0.49045	5913	6554
0.4982	6522	7287
0.51215	7682	8692
0.4776	3255	3559
0.49595	5308	5973
0.4776	4263	4713
0.4866	2174	2414
0.49185	3913	4366
0.5034	6985	7900
0.497	6524	7295
0.4905	6062	6757
0.49695	4227	4714
0.49975	4827	5367
0.4844	5901	6528
0.5006	5669	6375
0.50905	6449	7315
0.49785	5976	6667
0.50065	6542	7361
0.49075	5201	5806
0.49545	6369	7128
0.4993	4235	4713
0.51045	6917	7772
0.5015	7049	7982
0.49265	4348	4848
0.4923	5865	6566
0.49785	6513	7251
0.48755	4239	4700
0.50345	6661	7416
0.49	6169	6832
0.4955	6398	7135
0.51005	6228	7067
0.4965	3929	4414
0.47295	3691	4034
0.5012	5870	6586
0.4837	4066	4510
0.4924	6226	6966
0.5107	7169	8100
0.493	6567	7329
0.4954	5048	5649
0.50475	7222	8158
0.49195	4951	5495
0.48845	4421	4891
0.47765	5353	5886
0.50445	7504	8375
0.4957	3384	3752
0.50915	7086	7972
0.49825	6960	7776
0.4997	5049	5707
0.5169	7503	8516
0.482	4531	5004
0.497	6256	7017
0.49335	6780	7543
0.49195	6635	7357
0.4917	4691	5255
0.4929	4784	5352
0.4802	4745	5257
0.4914	6107	6771
0.5095	7098	8031
0.49595	6829	7613
0.5024	7541	8434
0.48335	4122	4588
0.49545	6626	7441
0.49265	5991	6664
0.4965	4612	5162
0.5007	4757	5372
0.50065	6759	7546
0.49675	6223	6944
0.5002	5101	5720
0.49705	5810	6521
0.49035	6822	7589
0.50725	6754	7561
0.506	6799	7655
0.48795	5170	5794
0.5074	8013	9021
0.4987	5772	6457
0.5079	7436	8383
0.4983	5356	5975
0.4877	3177	3534
0.47845	2899	3176
0.5099	7809	8820
0.4955	6014	6727
0.49185	6016	6690
0.50155	6537	7336
0.4978	6624	7448
0.50465	7311	8236
0.48665	4739	5276
0.50915	6965	7905
0.48605	4782	5327
0.4855	5255	5830
0.496	6499	7253
0.4916	6560	7279
0.4991	6739	7549
0.47335	2826	3114
0.50395	3406	3844
0.4799	3155	3495
0.50285	7557	8469
0.4821	3956	4348
0.48255	4239	4681
0.49085	6282	7015
0.50975	6617	7506
0.49475	4942	5483
0.50585	7166	8051
0.48845	4231	4696
0.4845	3997	4425
0.49255	4694	5228
0.49575	6666	7406
0.484	4162	4609
0.47625	2449	2669
0.49035	5827	6476
0.5116	7615	8599
0.48835	6311	7041
0.47185	2292	2533
0.4959	3984	4453
0.501	6086	6807
0.48325	5746	6364
0.5005	5619	6319
0.50065	6345	7120
0.49105	5950	6600
0.50375	5458	6166
0.4998	5661	6355
0.5068	6172	6967
0.4993	5772	6502
0.49505	2530	2827
0.48375	4210	4620
0.47605	3796	4195
0.49345	4729	5268
0.4972	6847	7662
0.47185	4278	4701
0.50765	6355	7212
0.4979	5647	6332
0.48415	2970	3289
0.4785	3020	3327
0.51815	8086	9196
0.49695	6075	6810
0.4844	4220	4682
0.50525	7245	8137
0.4974	6577	7360
0.5003	5668	6331
0.49445	6833	7570
0.5012	7220	8099
0.5001	6888	7731
0.493	6213	6934
0.4878	5000	5528
0.4829	5037	5549
0.49435	5869	6528
0.49415	5167	5733
0.49885	6953	7782
0.4867	4534	4992
0.4896	5820	6469
0.5088	6104	6887
0.5016	6419	7197
0.49915	6404	7199
0.49575	5631	6333
0.502	7185	8048
0.4841	5387	5953
0.495	5282	5884
0.4882	3864	4303
0.49635	6242	6963
0.49435	5738	6401
0.4976	5753	6442
0.49375	5161	5800
0.49865	5866	6570
0.49555	4272	4792
0.4817	3886	4297
0.50685	7383	8319
0.49025	4988	5539
0.4951	6961	7747
0.4883	4208	4689
0.5026	7335	8229
0.48865	5259	5859
0.4961	6554	7295
0.49395	4119	4574
0.51345	6830	7767
0.49075	6132	6836
0.4817	4032	4454
0.4946	6378	7094
0.4906	5441	6000
0.49315	5274	5902
0.4934	3981	4473
0.47055	3357	3706
0.50385	7126	8065
0.5108	7164	8092
0.50745	7478	8398
0.4977	6995	7810
0.49355	6296	7054
0.49495	5432	6063
0.50275	7548	8442
0.50125	7321	8171
0.50255	6783	7593
0.46945	2429	2662
0.4982	6269	7014
0.50545	4672	5252
0.49055	4040	4510
0.48405	3586	4006
0.4848	2873	3178
0.47855	2798	3085
0.4932	4990	5576
0.4934	5894	6561
0.4763	4476	4926
0.48375	4493	4983
0.50925	7555	8544
0.50605	7461	8404
0.5052	7616	8543
0.50095	7130	7986
0.5109	7702	8716
0.50125	6835	7707
0.4687	3586	3969
0.5107	5903	6684
0.49315	5868	6531
0.5115	7132	8062
0.48445	4791	5313
0.5	6094	6821
0.5025	6522	7315
0.5011	6663	7475
0.4913	6415	7108
0.50475	7127	7968
0.4855	4998	5530
0.5024	6761	7623
0.49815	6842	7606
0.4905	6176	6878
0.4966	6596	7311
0.4878	4789	5296
0.4995	5530	6195
0.49105	5801	6461
0.4966	5560	6211
0.49855	6491	7247
0.49945	5070	5622
0.50085	4872	5481
0.50945	7363	8331
0.49545	5409	6029
0.48985	6161	6802
0.4906	5906	6588
0.49085	6307	7039
0.4933	6177	6868
0.4972	5627	6314
0.4957	3271	3636
0.49255	5970	6627
0.4829	4601	5108
0.50515	7661	8575
0.51625	7969	9076
0.49785	6331	7070
0.4834	5501	6064
0.50615	7288	8162
0.4805	5057	5589
0.4961	6751	7525
0.48495	3435	3846
0.4809	2633	2903
0.49945	5432	6065
0.5094	6856	7707
0.51325	7644	8655
0.505	6870	7723
0.5016	6625	7451
0.4911	5249	5839
0.49915	7233	8102
0.50525	6942	7798
0.49435	5899	6553
0.5003	7100	7964
0.4991	6901	7776
0.50135	4792	5343
0.48635	1503	1641
0.4987	6876	7678
0.48885	6254	6932
0.5001	7089	7950
0.4981	4621	5158
0.5052	7084	7930
0.48975	3774	4225
0.48925	5840	6473
0.4908	5026	5623
0.48945	4705	5268
0.49645	6598	7377
0.4933	5013	5592
0.50395	6823	7683
0.49945	6611	7435
0.48685	7026	7794
0.5083	7580	8543
0.4914	5606	6224
0.48155	3833	4189
0.4883	4029	4499
0.4739	2289	2499
0.5115	7359	8328
0.496	6080	6840
0.48405	4118	4555
0.5026	7266	8146
0.49655	6309	7071
0.48465	3779	4182
0.50715	6946	7897
0.49765	6188	6949
0.49495	6418	7161
0.5081	7587	8564
0.4879	4373	4843
0.4742	3406	3730
0.49655	4734	5283
0.4961	5830	6511
0.50935	6601	7482
0.4915	4836	5375
0.48655	5847	6505
0.50355	7053	7930
0.4968	7108	7937
0.5032	6635	7507
0.50435	7053	7930
0.5064	7622	8554
0.4847	3099	3450
0.495	5822	6476
0.48665	6058	6690
0.4994	6270	7041
0.47365	4138	4550
0.4917	3861	4305
0.4907	5757	6395
0.50785	7032	7958
0.5029	6979	7831
0.48355	3358	3702
0.50635	5530	6237
0.49485	6777	7537
0.49375	5092	5672
0.4849	5868	6487
0.50475	7144	8018
0.48965	5130	5726
0.5023	7077	7939
0.5035	7125	7983
0.4905	5530	6159
0.4898	3676	4067
0.50035	5415	6073
0.49775	6441	7210
0.4749	3013	3310
0.47935	4681	5189
0.4978	6185	6923
0.49945	7300	8140
0.4864	6048	6738
0.4823	3811	4213
0.4906	3277	3646
0.484	3339	3716
0.48395	3135	3495
0.50675	7001	7925
0.48965	3978	4431
0.48395	5102	5657
0.4825	4438	4895
0.50095	7337	8271
0.4882	6091	6786
0.49055	6062	6733
0.4938	5899	6565
0.4971	6426	7175
0.4959	5066	5637
0.5042	6798	7636
0.4804	5403	5962
0.50135	4782	5311
0.49995	6648	7458
0.50025	6829	7650
0.4976	6794	7623
0.50075	6453	7243
0.5089	5708	6453
0.48835	4284	4765
0.49625	5693	6427
0.50195	6909	7800
0.50415	5857	6618
0.5031	6574	7380
0.4924	5476	6092
0.4765	4789	5247
0.48955	3406	3805
0.4931	5697	6375
0.4918	5003	5582
0.50505	6243	7009
0.4831	1978	2209
0.4769	1690	1859
0.49285	6463	7189
0.4931	6472	7193
0.48465	4861	5390
0.48175	5717	6315
0.50135	5796	6500
0.4994	6426	7246
0.4918	5993	6663
0.48315	4250	4737
0.48235	5445	6004
0.49495	6516	7265
0.49545	6557	7314
0.5054	6486	7331
0.48765	5512	6133
0.4987	5926	6643
0.47605	3423	3776
0.51015	7484	8463
0.5212	8147	9282
0.50175	6530	7319
0.50605	7078	7936
0.497	6851	7688
0.49805	6569	7404
0.5025	7116	7964
0.48815	6218	6888
0.49415	5799	6462
0.4959	5001	5584
0.48415	4344	4822
0.49585	5883	6523
0.511	7250	8187
0.4867	3777	4226
0.48245	4762	5248
0.4955	5232	5833
0.46505	1972	2169
0.49775	6475	7271
0.49735	6992	7801
0.50275	6351	7114
0.48355	5586	6191
0.50055	6562	7353
0.49505	5362	5941
0.50845	5396	6115
0.4871	4409	4910
0.48795	5905	6532
0.5022	6109	6860
0.4847	5708	6326
0.47765	1855	2048
0.4928	7041	7851
0.4968	6897	7688
0.5012	7350	8243
0.48115	4642	5131
0.50045	6885	7687
0.5088	7301	8222
0.4926	5854	6538
0.48555	5287	5898
0.5071	6341	7168
0.50255	7775	8719
0.49485	6271	7032
0.5021	6361	7128
0.5003	6266	7000
0.4963	7281	8146
0.47075	5068	5577
0.51085	6381	7268
0.50775	7518	8441
0.51365	7228	8195
0.48955	5171	5739
0.49035	4772	5331
0.49725	6226	6918
0.49865	7376	8254
0.49735	5807	6498
0.4872	4969	5499
0.4995	3619	4080
0.48165	4655	5155
0.50555	5432	6156
0.48165	3610	3987
0.48545	6287	6946
0.48865	5601	6220
0.50915	7707	8686
0.4848	4364	4868
0.481	4446	4915
0.48565	4695	5181
0.4971	5835	6506
0.49915	6972	7787
0.4956	3963	4383
0.49225	5793	6455
0.4911	5193	5755
0.49095	6136	6817
0.4993	5197	5807
0.49425	6841	7644
0.49485	5955	6630
0.50185	6063	6819
0.4874	5364	5932
0.4976	7407	8268
0.4901	4063	4504
0.4971	5593	6298
0.50175	7137	8006
0.49925	6318	7090
0.50565	7018	7913
0.51835	6815	7704
0.4885	5285	5923
0.4958	5975	6698
0.4936	7218	8022
0.51185	6521	7364
0.50515	7254	8181
0.4858	4864	5382
0.50195	6920	7772
0.48985	5887	6496
0.5026	3848	4301
0.4971	7083	7906
0.4885	5377	6020
0.49485	6490	7229
0.48885	4590	5093
0.49725	3477	3940
0.50975	7479	8432
0.49385	5178	5776
0.50405	6884	7754
0.5027	5797	6522
0.49185	4513	5028
0.46365	3129	3437
0.50775	7731	8702
0.4887	5677	6312
0.48265	5253	5830
0.49665	6454	7170
0.4985	6437	7190
0.48175	3101	3409
0.48995	6922	7719
0.4803	3794	4227
0.4861	5660	6283
0.4823	5841	6421
0.48455	3829	4198
0.49605	4861	5440
0.48495	4735	5212
0.49305	6342	7070
0.5041	5428	6105
0.48605	4928	5490
0.51515	7666	8708
0.48925	5178	5767
0.48395	3838	4274
0.4904	6750	7523
0.48325	2878	3176
0.5039	6256	7071
0.50145	4095	4651
0.4964	6003	6733
0.5017	6740	7575
0.48815	5335	5942
0.48345	2914	3249
0.4946	6445	7192
0.47795	5444	6012
0.48745	4908	5470
0.49795	5360	5990
0.49765	5680	6407
0.49995	5536	6170
0.49985	6829	7639
0.4955	5466	6120
0.5025	5379	6072
0.51405	5171	5877
0.4939	6004	6702
0.5084	4690	5314
0.49445	6269	7053
0.49585	6997	7817
0.4847	3117	3469
0.5015	5580	6272
0.4888	6480	7211
0.51765	7322	8348
0.49055	5104	5703
0.51355	6732	7633
0.47955	3969	4392
0.4873	2188	2445
0.4902	5701	6350
0.4941	6181	6947
0.5084	5580	6257
0.49385	5556	6194
0.506	6814	7627
0.4934	6517	7266
0.4982	4490	5005
0.5113	7883	8951
0.48935	4647	5204
0.49605	4949	5493
0.48385	4075	4533
0.50395	6620	7437
0.503	6913	7778
0.50435	6488	7291
0.4917	4910	5458
0.4699	2721	2983
0.5017	6197	6971
0.49955	5785	6474
0.4861	4858	5402
0.49795	6214	6963
0.49575	6089	6762
0.5165	7959	9031
0.48685	3392	3745
0.49105	5700	6342
0.49905	5584	6247
0.49195	7096	7930
0.4964	6766	7584
0.49605	5427	6114
0.51395	7906	8964
0.4879	5250	5801
0.4831	2540	2835
0.50185	6361	7126
0.4876	5210	5791
0.4818	2414	2660
0.48315	4853	5349
0.50635	7497	8457
0.4819	3006	3319
0.4916	4975	5537
0.5002	4852	5465
0.4979	6682	7487
0.49215	5958	6631
0.49985	6266	6992
0.5015	6669	7491
0.49	5320	5932
0.48555	5367	5955
0.51135	7942	8959
0.4848	5251	5830
0.47305	2967	3252
0.50155	6929	7743
0.50985	7150	8079
0.4927	6143	6850
0.4977	3364	3766
0.4814	6386	7011
0.48305	6016	6621
0.50795	6373	7200
0.49395	4387	4880
0.51395	7936	8977
0.4938	4332	4828
0.4869	6377	7072
0.49725	7082	7947
0.49825	6295	7022
0.49015	5911	6583
0.49285	5921	6593
0.511	4826	5441
0.4855	4834	5356
0.50375	5787	6506
0.48215	5578	6201
0.4912	3909	4342
0.5073	6638	7482
0.5114	7656	8669
0.4948	5019	5579
0.4936	6849	7641
0.5054	6596	7421
0.4976	6787	7571
0.5008	5963	6701
0.48855	5622	6241
0.48995	5635	6278
0.4962	5895	6634
0.49185	6150	6886
0.4918	3904	4337
0.49	6370	7077
0.49035	3344	3719
0.5016	7035	7907
0.5012	7373	8278
0.4921	3878	4355
0.4902	5787	6447
0.5107	6610	7462
0.4936	5560	6219
0.4992	6626	7436
0.4825	3978	4410
0.49195	4984	5554
0.4957	3227	3597
0.50575	6853	7689
0.49455	6090	6786
0.50595	7515	8445
0.50715	6447	7231
0.49025	5935	6617
0.49185	5003	5565
0.49485	6432	7187
0.47815	4796	5262
0.5061	5644	6334
0.50265	7408	8341
0.4984	5286	5939
0.4898	6440	7113
0.4937	5723	6360
0.5013	6606	7411
0.49175	3827	4286
0.49545	5290	5931
0.50265	6823	7655
0.48775	5629	6238
0.4803	4182	4630
0.50045	7071	7937
0.5036	6328	7128
0.50135	4922	5510
0.4839	4256	4687
0.50145	6751	7552
0.49655	6032	6711
0.5006	7683	8587
0.4927	5712	6347
0.48515	6016	6636
0.49265	6125	6782
0.48415	2896	3255
0.4909	5615	6239
0.49245	5541	6178
0.49335	4942	5528
0.5007	6265	7015
0.4947	6985	7788
0.49385	6606	7369
0.47165	2686	2961
0.4814	4278	4734
0.50875	7442	8415
0.4944	6862	7675
0.4846	4998	5531
0.509	7741	8745
0.49175	5410	6034
0.4855	4169	4639
0.4876	5650	6232
0.50175	7101	7991
0.49755	6034	6729
0.4924	3691	4151
0.497	6482	7252
0.4974	5339	5992
0.4935	5257	5842
0.48215	4965	5547
0.4921	4427	4933
0.4873	4955	5504
0.5014	6860	7691
0.49115	5129	5704
0.485	3407	3794
0.4895	4466	4951
0.4855	5249	5855
0.49565	5780	6427
0.50455	7248	8145
0.4926	5698	6369
0.5101	6905	7830
0.49885	6209	6973
0.47555	3098	3399
0.5043	6346	7125
0.50715	5515	6227
0.4915	2703	3020
0.49735	5759	6397
0.51115	7357	8321
0.4928	6503	7288
0.4985	6645	7421
0.4916	5971	6666
0.48855	5523	6118
0.49295	5698	6318
0.47695	4296	4727
0.4805	5129	5666
0.4925	5882	6561
0.49975	5045	5672
0.4903	4029	4495
0.4912	5458	6122
0.49075	5355	5962
0.4786	3459	3838
0.4987	7387	8292
0.48425	5104	5641
0.508	7711	8683
0.4888	5022	5602
0.489	5687	6338
0.49525	6759	7523
0.49935	4860	5443
0.49545	6603	7354
0.50265	6887	7750
0.4951	4178	4671
0.5001	7287	8185
0.51895	8002	9072
0.49895	6353	7112
0.50165	3569	3998
0.48285	5655	6267
0.4774	2387	2656
0.50155	5781	6495
0.48945	5163	5745
0.4861	3012	3319
0.5065	6410	7204
0.50765	6551	7409
0.4896	4376	4846
0.4918	6336	7073
0.4894	3662	4096
0.49085	3008	3337
0.4908	5902	6573
0.5032	6574	7402
0.49285	6835	7552
0.49195	5621	6258
0.4989	6062	6792
0.48355	2061	2299
0.48505	3569	3961
0.50235	5922	6666
0.49385	5697	6357
0.50115	5652	6337
0.5006	7196	8079
0.4855	3820	4270
0.4966	4194	4688
0.4972	6496	7285
0.4959	6145	6878
0.50195	5843	6534
0.4927	5384	6008
0.4959	6298	7063
0.49005	5544	6155
0.49545	4568	5077
0.4889	3508	3908
0.48715	4905	5447
0.48945	5278	5844
0.5186	7853	8993
0.5002	5547	6217
0.4842	5242	5798
0.5003	5765	6498
0.48175	4370	4860
0.4905	6408	7126
0.49045	4410	4890
0.48185	4472	4946
0.49875	5596	6279
0.49075	5748	6384
0.4923	4069	4522
0.5016	5543	6236
0.4941	5890	6539
0.483	4462	4963
0.5088	6042	6809
0.5012	5825	6556
0.5035	7170	8046
0.50825	6312	7114
0.4956	6587	7356
0.50125	5901	6627
0.50015	6296	7049
0.49655	6403	7132
0.4728	5380	5900
0.48925	5093	5660
0.49275	6526	7282
0.4841	4954	5508
0.49095	5796	6468
0.49265	6400	7129
0.47285	3434	3783
0.47845	3357	3739
0.4953	6441	7229
0.51475	7757	8776
0.50205	5775	6453
0.48095	3856	4268
0.50115	6835	7651
0.50085	6747	7533
0.473	2932	3216
0.48425	5730	6348
0.5185	7982	9043
0.4921	5789	6465
0.4821	2247	2464
0.49005	4603	5135
0.4946	6730	7510
0.48535	3507	3908
0.5003	6145	6893
0.48095	4407	4869
0.50765	7072	7955
0.4903	6984	7734
0.52475	8286	9459
0.4872	5248	5833
0.5155	7871	8932
0.4926	2700	3010
0.49715	6442	7201
0.5004	6505	7320
0.4909	5977	6627
0.4888	5355	5958
0.4933	6633	7405
0.4949	5200	5792
0.5159	6899	7862
0.48035	3648	4024
0.51355	7054	8007
0.5128	7382	8320
0.49155	4593	5098
0.48165	4380	4844
0.49785	6498	7281
0.47995	5359	5911
0.4984	6686	7494
0.4861	3994	4412
0.5026	6848	7724
0.49845	6143	6921
0.51	3860	4361
0.48965	5682	6328
0.50035	6113	6839
0.49685	6623	7384
0.49535	6104	6808
0.4706	3381	3708
0.49125	4967	5544
0.50975	7193	8128
0.512	7710	8715
0.498	6046	6773
0.48095	4948	5504
0.4923	3789	4210
0.4968	5696	6355
0.48105	5300	5831
0.4992	7436	8314
0.5035	7136	8035
0.4992	7042	7880
0.48375	3896	4308
0.48975	5960	6648
0.4949	6607	7372
0.5013	6890	7702
0.49825	5800	6480
0.4775	2055	2283
0.4971	4547	5060
0.49545	6032	6724
0.49165	4123	4574
0.5037	7385	8296
0.48155	5500	6038
0.48855	5368	5961
0.50505	6407	7226
0.48245	3996	4424
0.48	3177	3531
0.4825	3591	3994
0.50605	6199	6976
0.4701	3027	3328
0.4992	6388	7127
0.5063	7016	7878
0.4902	5682	6343
0.50045	6182	6907
0.4793	4088	4481
0.49625	6594	7321
0.4916	6763	7522
0.507	7117	7984
0.4813	4283	4758
0.49945	4764	5332
0.4883	4903	5446
0.49005	6226	6927
0.4893	2857	3179
0.4657	3368	3693
0.50085	4412	4947
0.48555	4118	4521
0.4978	6525	7323
0.4984	4356	4916
0.48875	4563	5073
0.4912	5382	6001
0.49545	4854	5439
0.49755	4776	5302
0.47255	1859	2034
0.4958	6626	7372
0.5038	6455	7289
0.48755	6085	6742
0.505	6110	6885
0.5088	7068	7921
0.49075	5997	6668
0.4902	6088	6779
0.49985	3719	4177
0.487	4883	5455
0.4882	4461	4954
0.49825	3757	4204
0.51075	6834	7728
0.5026	7640	8596
0.50145	3948	4436
0.5016	5505	6200
0.50215	6628	7464
0.4919	5854	6525
0.4997	6657	7474
0.4905	3999	4443
0.49395	6419	7183
0.4965	5072	5672
0.5001	7321	8220
0.49915	6676	7482
0.5012	7077	7917
0.4982	6231	6959
0.4943	5528	6190
0.49845	6702	7526
0.49865	5302	5920
0.50275	6226	7019
0.5263	7910	9075
0.4973	4894	5464
0.50825	7471	8373
0.4916	4281	4768
0.50365	4963	5562
0.49305	5389	6023
0.49875	6488	7274
0.4733	3702	4082
0.48765	3158	3502
0.48	2503	2773
0.49435	5239	5841
0.48465	5303	5851
0.4994	6087	6791
0.4854	2259	2481
0.47465	2878	3200
0.5075	4547	5102
0.4845	3401	3749
0.49695	6760	7561
0.5088	5951	6707
0.495	6662	7440
0.501	5955	6691
0.4953	4387	4879
0.49375	5395	6060
0.4923	6364	7103
0.4912	5905	6550
0.49965	6133	6921
0.48335	3093	3439
0.51555	8067	9130
0.49535	4318	4821
0.4926	6026	6696
0.51175	7549	8555
0.49085	2753	3076
0.5011	6323	7126
0.4794	4482	4920
0.4911	6436	7192
0.5014	3939	4421
0.4988	3661	4110
0.49755	5641	6312
0.49	6022	6714
0.4955	6228	6965
0.4875	4483	5001
0.4926	6514	7254
0.48785	3455	3824
0.4918	5532	6199
0.5104	7392	8347
0.49355	4902	5453
0.49175	7068	7835
0.4989	4991	5574
0.49105	3792	4201
0.49615	5367	5975
0.4912	6932	7675
0.4775	2115	2332
0.4861	5587	6191
0.49655	5905	6589
0.5019	6589	7403
0.51065	3425	3859
0.5	6336	7062
0.5008	5954	6667
0.4928	6379	7160
0.4993	4957	5563
0.4878	6162	6832
0.49495	6335	7091
0.49665	6546	7323
0.5042	6530	7409
0.5062	5405	6105
0.49195	6625	7334
0.4994	3368	3793
0.49255	5113	5706
0.4982	5614	6238
0.48285	4056	4485
0.48585	2257	2507
0.47955	5483	6077
0.49035	5455	6092
0.51155	7759	8788
0.50555	7179	8082
0.4976	6908	7731
0.49845	5716	6419
0.49865	7279	8145
0.4865	5514	6118
0.47615	4435	4875
0.50025	7566	8451
0.4873	5455	6083
0.4917	6332	7052
0.47685	2384	2653
0.4975	6834	7641
0.48065	4291	4790
0.49605	6523	7279
0.5058	7445	8411
0.50195	7336	8176
0.49505	6784	7552
0.4946	6123	6829
0.50605	6449	7284
0.5099	7129	8032
0.50365	5932	6664
0.50395	7392	8354
0.4974	6758	7579
0.50035	5977	6722
0.47835	4204	4601
0.4882	6267	6957
0.4768	4732	5197
0.5164	7710	8726
0.4862	4078	4520
0.50745	7168	8098
0.4925	4806	5344
0.4868	3984	4454
0.4849	2924	3228
0.4879	2349	2613
0.48405	5801	6411
0.4933	6144	6803
0.4959	6366	7071
0.47725	2743	3025
0.49265	5948	6607
0.4879	3316	3718
0.495	6559	7272
0.5091	7331	8224
0.50215	5764	6454
0.4828	4517	4988
0.4954	6728	7501
0.48605	5767	6412
0.4994	6860	7657
0.46645	1666	1841
0.48195	3996	4417
0.4786	4932	5456
0.49635	5711	6390
0.50525	7622	8587
0.50215	7532	8448
0.49165	5353	5986
0.50105	6739	7556
0.4901	5024	5605
0.49395	6904	7689
0.48835	5484	6106
0.49685	3443	3847
0.4714	1928	2102
0.47585	4891	5367
0.492	5436	6033
0.50315	7002	7837
0.4847	3379	3755
0.4912	4863	5421
0.4963	6242	6970
0.504	7062	7941
0.48415	4886	5416
0.49815	6350	7127
0.4848	4367	4830
0.4825	4800	5305
0.48905	6278	6946
0.49295	5581	6181
0.50895	7316	8264
0.4905	2769	3077
0.5008	5886	6569
0.5007	7122	7932
0.50295	6165	6973
0.49985	5129	5720
0.49945	6282	7035
0.50595	6617	7463
0.49625	6567	7317
0.48775	5953	6594
0.47755	2107	2317
0.4986	6368	7154
0.4883	5423	6040
0.5001	6891	7749
0.492	2714	2995
0.49725	6401	7139
0.4814	2026	2249
0.48455	4135	4575
0.49355	4198	4667
0.5107	7038	7911
0.49225	5373	5981
0.48745	6580	7339
0.4971	6171	6925
0.4985	7001	7833
0.49345	5652	6304
0.50575	7504	8420
0.4849	4651	5136
0.51035	7083	8039
0.4906	6352	7080
0.51625	7988	9045
0.49385	5654	6302
0.5088	5747	6462
0.4888	2792	3109
0.477	3852	4278
0.49055	6218	6879
0.5156	7684	8765
0.4926	3694	4150
0.4863	3792	4213
0.48955	5879	6537
0.48985	2544	2813
0.4847	4389	4870
0.49355	6501	7255
0.5057	6381	7194
0.5075	7343	8289
0.5041	7210	8094
0.50135	6818	7669
0.48775	4887	5468
0.5109	7612	8591
0.50795	6402	7261
0.4984	5139	5768
0.50235	5744	6444
0.49285	5608	6290
0.4962	6247	6954
0.5049	6692	7554
0.48175	2450	2708
0.50095	6483	7285
0.49755	5832	6528
0.504	5361	6039
0.4996	6805	7616
0.5241	8066	9262
0.4878	5905	6551
0.48695	3600	3975
0.50065	7356	8234
0.4996	6088	6870
0.5064	7121	8057
0.48935	6058	6743
0.483	4742	5238
0.49255	6498	7225
0.48605	5171	5717
0.49805	6312	7035
0.50625	7075	7962
0.49675	7113	7933
0.4974	6929	7731
0.4878	5266	5910
0.5047	7091	7966
0.48835	4282	4797
0.4977	5282	5895
0.4892	4820	5364
0.509	5998	6810
0.501	6375	7135
0.4907	4953	5493
0.4936	4502	4996
0.5029	6699	7507
0.5032	7455	8365
0.49235	5473	6093
0.4991	7432	8312
0.5051	6421	7238
0.4935	6604	7370
0.47365	1937	2147
0.47695	3994	4414
0.4954	5659	6291
0.508	7216	8129
0.493	6475	7250
0.50255	6614	7433
0.49335	6494	7252
0.49215	4519	5027
0.48085	3418	3768
0.49885	5682	6331
0.5018	7330	8192
0.49215	7102	7901
0.4962	5455	6146
0.4735	3957	4355
0.494	6012	6698
0.4841	5890	6518
0.49065	6533	7243
0.482	4477	4968
0.4769	3634	4043
0.50185	7328	8202
0.5078	7071	8012
0.49925	7157	7989
0.5021	7090	7976
0.4963	6789	7561
0.4672	2461	2717
0.47695	5129	5681
0.48975	4933	5494
0.50955	6357	7178
0.5021	6848	7658
0.50615	5545	6277
0.50545	7014	7915
0.4918	6404	7173
0.4988	6349	7142
0.4668	2313	2529
0.49355	5429	6056
0.481	3996	4376
0.47865	4552	5040
0.519	7367	8356
0.52205	8051	9229
0.47805	4389	4848
0.47755	1773	1971
0.49955	6565	7360
0.4873	5075	5682
0.49655	5152	5760
0.4773	4333	4797
0.5004	7118	8000
0.493	4668	5218
0.49025	3446	3860
0.4759	2494	2740
0.4955	5875	6590
0.4802	4144	4570
0.5041	6779	7615
0.49575	6620	7365
0.4794	3892	4257
0.5076	7307	8231
0.48205	3868	4264
0.48795	4602	5094
0.50265	7076	7911
0.47705	2374	2607
0.48895	3581	3986
0.4944	3420	3805
0.50135	5349	6039
0.5029	6662	7484
0.4971	5885	6574
0.50635	6016	6817
0.5066	6222	6968
0.49945	7136	8031
0.49235	6356	7072
0.49875	6556	7323
0.4954	5682	6349
0.47935	2978	3306
0.51215	7272	8252
0.48495	4011	4422
0.4904	5809	6474
0.4944	5856	6535
0.5064	7206	8088
0.4873	6107	6800
0.47695	4801	5275
0.49435	6000	6684
0.50585	6627	7507
0.49485	6097	6814
0.4933	6583	7320
0.5036	6779	7634
0.4906	6820	7573
0.4959	6237	6947
0.4879	5406	6084
0.49295	5619	6248
0.49555	4956	5523
0.48765	6569	7238
0.50725	6668	7535
0.5046	5394	6060
0.4773	5125	5632
0.4985	6033	6746
0.4695	2655	2917
0.49045	4220	4692
0.4863	4493	4981
0.49835	6080	6809
0.50875	3957	4470
0.49485	6938	7740
0.503	6607	7403
0.50645	7323	8225
0.497	5401	6039
0.49405	6431	7151
0.50775	6994	7877
0.4995	6005	6710
0.4725	4852	5362
0.4969	6305	7069
0.50045	5685	6371
0.499	3587	4018
0.5043	5788	6473
0.4945	6129	6851
0.50785	7420	8390
0.4988	6865	7712
0.5052	7100	7991
0.49325	5706	6334
0.4996	4828	5433
0.48125	2366	2623
0.4953	6366	7064
0.49335	4859	5461
0.4938	6797	7544
0.4866	6045	6750
0.4887	3992	4421
0.48135	2450	2729
0.48415	4728	5244
0.49555	5429	6061
0.4686	2634	2907
0.4864	4420	4898
0.50505	7721	8681
0.49585	6022	6738
0.492	6488	7224
0.48525	4262	4735
0.4807	4711	5198
0.48395	3616	3977
0.4893	5844	6500
0.495	6374	7129
0.48915	5691	6289
0.48835	5044	5579
0.49655	6914	7722
0.49925	5516	6164
0.4953	4806	5373
0.5117	6763	7716
0.5005	6841	7646
0.50095	4424	4978
0.496	5839	6535
0.50185	5548	6240
0.4953	4309	4772
0.48025	3643	4048
0.48455	5250	5804
0.4902	3696	4098
0.5011	6928	7806
0.4989	7004	7831
0.50775	6832	7714
0.5073	7477	8437
0.49245	6664	7373
0.4844	6424	7116
0.49785	6467	7235
0.4942	7303	8104
0.4891	2790	3098
0.4812	2904	3246
0.4822	5651	6274
0.50045	7128	7969
0.4909	4441	4960
0.49705	5463	6139
0.49375	5730	6375
0.5034	7278	8184
0.489	6513	7228
0.49315	6845	7651
0.4822	2566	2844
0.5016	6445	7216
0.49565	6504	7220
0.4939	3977	4444
0.5014	7273	8155
0.5078	5716	6460
0.48875	5201	5785
0.48795	4317	4818
0.5003	6107	6879
0.49575	5229	5833
0.4899	3618	4024
0.4904	6323	7045
0.49625	6646	7410
0.49255	5067	5595
0.49965	5196	5791
0.4916	5480	6068
0.5027	6535	7352
0.4829	4758	5240
0.501	7358	8240
0.48765	2795	3103
0.4851	5598	6189
0.48585	3557	3956
0.486	4862	5394
0.49395	5824	6483
0.5137	7433	8459
0.5053	7336	8248
0.46895	2667	2913
0.49365	6827	7643
0.47025	2694	2943
0.47955	4872	5330
0.50205	5674	6373
0.49085	6631	7363
0.48815	3421	3814
0.5051	6482	7291
0.477	3634	4007
0.49025	3641	4059
0.4891	5678	6332
0.49105	5571	6192
0.50815	6787	7658
0.50275	7541	8443
0.49015	5569	6191
0.5007	5878	6600
0.48885	5156	5719
0.4765	3938	4343
0.50705	7499	8443
0.49705	3764	4254
0.49255	1926	2125
0.49305	6805	7576
0.5063	5548	6219
0.48725	6495	7201
0.5003	5545	6218
0.4846	4511	5016
0.4928	6061	6787
0.50155	6195	6940
0.49445	5849	6493
0.4788	2959	3274
0.49965	6035	6760
0.4891	3749	4166
0.4913	5088	5659
0.50035	5977	6714
0.495	5032	5644
0.4861	6081	6735
0.5112	7896	8920
0.47345	5140	5655
0.4795	3291	3625
0.4914	4789	5318
0.49605	7035	7859
0.5052	7137	8039
0.4963	5459	6094
0.4957	6289	7024
0.4862	6389	7092
0.4826	6045	6699
0.48365	4758	5230
0.5003	7114	7985
0.48335	4871	5401
0.47935	4254	4692
0.4955	5165	5734
0.49315	5774	6433
0.48685	5100	5684
0.50895	7771	8786
0.51225	5892	6690
0.4929	5467	6123
0.4832	4790	5339
0.4898	5483	6124
0.481	4195	4621
0.4976	6300	7037
0.49315	6474	7247
0.4947	5589	6200
0.50025	6989	7846
0.4753	3598	3929
0.49445	5963	6658
0.48225	5096	5645
0.47685	2491	2750
0.49675	6993	7782
0.5013	6415	7206
0.4964	5849	6541
0.50145	5219	5828
0.48215	3861	4261
0.50685	6913	7784
0.488	4204	4702
0.48235	3513	3896
0.4841	5811	6417
0.48605	4939	5512
0.50595	6843	7700
0.49885	7293	8140
0.49395	4635	5150
0.48695	6269	6992
0.49905	6750	7550
0.4941	6136	6858
0.5035	3743	4186
0.49235	2759	3050
0.49715	6153	6864
0.49945	6022	6730
0.49745	6671	7453
0.4987	5488	6140
0.4818	5919	6546
0.5023	6654	7472
0.50825	7408	8401
0.50355	6472	7264
0.50235	6776	7586
0.50255	7115	7979
0.49165	5421	6045
0.50585	6802	7665
0.5001	5534	6191
0.5009	6479	7248
0.4823	2228	2475
0.49915	5984	6693
0.50415	7420	8301
0.48635	5474	6060
0.5019	6990	7865
0.49845	6325	7088
0.48145	5719	6328
0.49895	6879	7722
0.48845	5134	5719
0.4973	5527	6201
0.48505	5342	5916
0.5052	7421	8333
0.49715	5334	5968
0.5018	7307	8196
0.4937	5463	6078
0.5001	6560	7363
0.49725	5967	6671
0.5088	7939	8926
0.5107	6455	7285
0.47265	2420	2661
0.49805	6421	7164
0.49635	6629	7460
0.4978	3840	4291
0.4959	6631	7479
0.5075	5287	6015
0.49915	6508	7295
0.48875	5384	5999
0.5003	7162	8012
0.49045	3925	4365
0.49685	6499	7280
0.48995	4112	4580
0.4765	2417	2676
0.49775	6442	7208
0.47435	4386	4806
0.48945	5203	5790
0.5014	7009	7898
0.4963	5370	5982
0.50035	4413	4918
0.4936	4991	5577
0.5094	7796	8752
0.4922	3929	4375
0.49375	6487	7197
0.5049	7110	7967
0.49905	6920	7739
0.49755	6616	7436
0.4934	3755	4204
0.49535	6805	7553
0.50795	6510	7335
0.49355	5946	6653
0.4881	5896	6534
0.4926	5796	6447
0.50745	7440	8343
0.4868	4166	4646
0.50765	7294	8225
0.47855	3829	4224
0.5014	7091	7990
0.5131	7650	8607
0.49115	4671	5192
0.50155	4981	5603
0.4993	6934	7790
0.50285	6089	6871
0.51015	6970	7892
0.50325	6907	7746
0.4917	5618	6239
0.4998	6252	6987
0.5113	6758	7670
0.4924	2567	2867
0.4964	5387	6028
0.5028	7270	8159
0.49985	6396	7162
0.511	7239	8171
0.4927	3564	3973
0.483	4993	5532
0.50855	7583	8581
0.4825	4016	4430
0.5068	6791	7598
0.50325	7313	8246
0.48	3674	4072
0.4932	6951	7765
0.4986	6777	7561
0.49815	7050	7885
0.4781	2484	2771
0.493	5735	6373
0.49215	5543	6176
0.494	7147	7969
0.5026	6595	7423
0.4843	3333	3737
0.51005	6809	7682
0.51255	5847	6606
0.505	6945	7827
0.5019	7632	8507
0.4999	7205	8071
0.50585	6646	7480
0.50005	5587	6282
0.49855	5669	6311
0.5149	7260	8225
0.5088	7984	8981
0.49045	5204	5773
0.50225	6947	7822
0.5072	7060	7944
0.4974	7446	8308
0.4999	6991	7781
0.5012	6244	6977
0.4891	6980	7760
0.4822	3864	4275
0.4853	4170	4620
0.49245	6332	7051
0.5046	5334	6002
0.4972	6798	7591
0.4766	1891	2083
0.4952	6149	6827
0.4946	6308	7029
0.4918	5404	5986
0.4937	6124	6841
0.4859	4718	5237
0.49285	3578	3993
0.4813	3403	3762
0.4921	6653	7431
0.49905	6286	7023
0.49665	6798	7572
0.4985	4200	4704
0.4994	4133	4653
0.5053	7423	8345
0.49395	4590	5118
0.48845	2886	3223
0.50095	7073	7942
0.4975	6425	7176
0.48955	6360	7045
0.4959	5306	5939
0.49235	6015	6700
0.4708	1442	1573
0.49765	6357	7104
0.49975	5309	5948
0.4988	6699	7501
0.4895	2732	3028
0.50505	4577	5171
0.4969	6140	6862
0.49915	4980	5605
0.5036	5205	5864
0.4988	5736	6436
0.49885	6875	7639
0.49815	5722	6425
0.4901	4915	5485
0.4988	5273	5929
0.5022	4824	5433
0.49215	2855	3172
0.49075	6286	7006
0.48495	5480	6085
0.48835	3651	4066
0.48505	3581	3966
0.49415	5970	6683
0.4925	6710	7504
0.4867	4256	4710
0.5155	7436	8422
0.49715	6031	6739
0.49505	5473	6127
0.4804	3582	3951
0.49895	6752	7560
0.4994	6585	7378
0.5015	5451	6150
0.47	2943	3241
0.48	3641	3989
0.4974	6835	7654
0.48855	6258	6966
0.4783	5464	6019
0.48975	5625	6238
0.48795	3614	3996
0.49385	3693	4127
0.48395	5854	6458
0.4857	5606	6191
0.4843	6136	6808
0.4974	6749	7566
0.50805	7008	7921
0.4962	5267	5883
0.48085	2744	3053
0.49655	5668	6365
0.50715	6367	7224
0.48815	4140	4590
0.5099	5494	6209
0.49415	4964	5541
0.4773	2691	2951
0.49715	5086	5713
0.47975	2781	3053
0.49415	4782	5347
0.48725	5943	6619
0.497	6071	6818
0.4927	2932	3269
0.4745	3956	4364
0.5057	6964	7829
0.49365	4392	4897
0.49515	5336	5968
0.4924	5853	6544
0.50115	7003	7824
0.51095	7234	8143
0.50915	7237	8160
0.496	5994	6726
0.49225	6847	7642
0.46455	1863	2053
0.5005	5887	6614
0.48395	4028	4495
0.50455	7039	7956
0.48475	4029	4459
0.496	6097	6834
0.4854	5047	5622
0.51115	7010	7934
0.4964	6698	7493
0.4796	3369	3712
0.49075	3631	4048
0.4955	6442	7231
0.50055	6864	7750
0.49475	4118	4595
0.489	3386	3763
0.5137	8199	9244
0.4933	4429	4930
0.49255	5601	6250
0.49015	5106	5683
0.5039	7007	7926
0.49925	6272	7006
0.50255	7386	8231
0.49605	4355	4862
0.49435	4308	4836
0.5002	6992	7853
0.5079	7339	8278
0.4901	5014	5581
0.4859	3601	4018
0.4922	6444	7164
0.4887	4160	4634
0.48405	3524	3887
0.4949	5958	6653
0.5041	7610	8554
0.4959	6347	7124
0.4835	4298	4747
0.4952	5636	6304
0.49835	6277	7026
0.48595	4805	5299
0.49705	5906	6624
0.4863	5065	5618
0.49335	6383	7149
0.487	4958	5493
0.51295	7687	8710
0.50075	7249	8113
0.49525	6323	7067
0.468	3330	3683
0.49835	6215	6907
0.49715	6433	7191
0.49215	5129	5721
0.496	5933	6625
0.503	7429	8324
0.5039	6391	7205
0.51985	7630	8710
0.50085	6406	7193
0.50155	6168	6920
0.50375	6093	6900
0.50415	6578	7413
0.4878	4712	5250
0.4914	5458	6064
0.4941	5400	6069
0.49645	6559	7291
0.49485	6451	7180
0.49285	4035	4536
0.49995	5463	6128
0.50735	7708	8637
0.4917	6447	7218
0.51175	7024	7944
0.49405	5318	5942
0.5007	6456	7247
0.48175	5273	5846
0.4963	6054	6754
0.4923	6428	7188
0.4988	6208	6906
0.4967	5876	6576
0.48865	6039	6708
0.49355	5869	6538
0.49305	5339	5967
0.49855	5893	6630
0.49485	6206	6901
0.49365	5001	5603
0.4967	5617	6304
0.501	7342	8234
0.5004	5862	6592
0.5107	6930	7850
0.5145	7531	8529
0.4906	4905	5458
0.4937	3394	3815
0.48915	5813	6470
0.50955	6929	7838
0.4827	3345	3693
0.4776	4220	4629
0.49715	6845	7653
0.49755	6681	7424
0.51525	6041	6819
0.5041	7619	8546
0.49615	6742	7553
0.51745	7498	8495
0.4956	6319	7077
0.50425	6429	7200
0.49465	5865	6581
0.49085	4302	4802
0.49715	5803	6527
0.50445	6890	7735
0.4914	6748	7508
0.49685	6419	7183
0.49085	5678	6335
0.4862	3361	3748
0.47235	2117	2334
0.4899	6027	6682
0.5028	6971	7867
0.48195	4464	4921
0.4916	6258	6978
0.48665	4999	5538
0.49675	6796	7612
0.51025	6297	7120
0.5012	6074	6837
0.50235	6349	7153
0.50635	7688	8680
0.51495	6943	7902
0.48315	5172	5757
0.51285	7679	8688
0.4896	5572	6203
0.49575	2910	3272
0.4871	5188	5749
0.50265	7038	7907
0.4967	5708	6402
0.48865	3902	4386
0.5119	7382	8360
0.4851	3062	3389
0.5061	6629	7453
0.5115	7506	8512
0.4898	6112	6835
0.48375	3387	3805
0.4872	4297	4782
0.5014	7171	7998
0.49475	5969	6645
0.4952	6333	7090
0.4991	7577	8483
0.4936	5898	6570
0.5082	6582	7398
0.5002	5834	6523
0.49785	6107	6823
0.47435	2817	3120
0.48445	4453	4938
0.48655	4595	5085
0.48405	5448	6033
0.4792	3805	4198
0.50625	6392	7223
0.4905	5829	6470
0.48255	4304	4752
0.4693	2833	3125
0.49165	5157	5729
0.5011	5068	5683
0.48835	5052	5612
0.50555	7403	8318
0.49815	6981	7831
0.48695	4528	5029
0.4925	6514	7235
0.48395	4278	4758
0.4895	5028	5629
0.4957	4253	4741
0.47935	4057	4468
0.49315	6758	7541
0.4845	2743	3061
0.5024	7606	8531
0.49985	7038	7868
0.4845	3589	3977
0.50535	7296	8239
0.48705	3715	4113
0.4904	5387	6000
0.5051	7450	8351
0.4839	3723	4107
0.51135	6221	7091
0.49325	6891	7645
0.4971	4785	5369
0.4779	4627	5101
0.5027	5844	6555
0.48045	4881	5395
0.5059	7216	8114
0.4904	4960	5518
0.4894	3810	4243
0.4798	5542	6080
0.50535	6361	7158
0.48545	5662	6269
0.5029	7135	8026
0.50105	6846	7665
0.4927	5845	6505
0.5113	7317	8301
0.49305	6298	6967
0.47195	3027	3340
0.491	5658	6276
0.4846	3972	4430
0.4889	6372	7053
0.4987	6895	7696
0.51095	6541	7412
0.5009	5200	5813
0.48845	6197	6903
0.5094	4981	5619
0.49775	4419	4943
0.4872	4785	5288
0.50135	7085	7946
0.49455	6085	6770
0.4858	5652	6259
0.50815	7413	8380
0.46235	1692	1830
0.50255	7264	8130
0.51665	7321	8374
0.49935	4520	5093
0.4766	4152	4533
0.5067	7806	8798
0.48915	5553	6161
0.5015	7442	8314
0.5087	6596	7465
0.48695	3478	3845
0.50135	6058	6784
0.49965	6861	7701
0.5	6571	7369
0.50955	6764	7654
0.50805	7367	8327
0.46935	2648	2932
0.47025	3773	4133
0.49635	6995	7780
0.50145	6437	7208
0.5072	5771	6528
0.48285	4035	4487
0.4767	3293	3635
0.49955	7349	8229
0.5043	6948	7824
0.4694	2195	2408
0.49065	4844	5434
0.4926	6816	7567
