#{"length":100,"ensemble_size":5000,"signature":"sq_lattice_bond_percolation__periodic_","delimiter":"	"}
#data at critical occupation probability or pc
#<pc><sites in wrapping cluster><bonds in wrapping cluster>
0.49775	3768	4253
0.50045	6162	6873
0.4971	7517	8391
0.489	3741	4167
0.4892	5215	5791
0.487	5267	5845
0.4941	5855	6487
0.47955	3892	4332
0.5008	5600	6291
0.49005	4003	4441
0.4861	4960	5469
0.5024	5580	6264
0.4845	3171	3526
0.5043	7580	8482
0.51005	7199	8134
0.4942	6278	7006
0.4979	6374	7120
0.4953	6754	7575
0.49875	5074	5667
0.48055	4314	4799
0.49535	6890	7700
0.50895	7955	8959
0.48175	4974	5493
0.4985	6481	7285
0.49025	5079	5606
0.48955	2536	2804
0.49345	6805	7536
0.47515	1890	2078
0.48765	2205	2438
0.4972	5859	6582
0.5143	7144	8101
0.46675	1370	1497
0.493	6127	6868
0.5032	7114	8023
0.4855	2857	3176
0.4653	2249	2487
0.5139	7208	8200
0.49675	6181	6895
0.4851	4738	5241
0.501	6175	6930
0.5012	6652	7465
0.465	2936	3204
0.48345	5261	5840
0.48085	4878	5372
0.4822	4994	5540
0.49935	6098	6856
0.4958	6937	7756
0.50225	4688	5249
0.4963	5600	6280
0.4983	6017	6776
0.5059	6410	7247
0.50385	6680	7479
0.49925	4755	5350
0.5116	7659	8623
0.4829	4798	5320
0.52055	7753	8832
0.4771	2806	3107
0.49165	4487	5029
0.49325	4480	5019
0.469	2621	2860
0.48455	3664	4059
0.49245	5598	6185
0.4826	4391	4857
0.50915	7129	8073
0.4927	5115	5702
0.49675	5462	6094
0.4834	4079	4521
0.48335	3886	4325
0.4833	3755	4193
0.5024	5827	6524
0.4679	1412	1571
0.49885	7236	8113
0.48605	4270	4765
0.48955	5512	6107
0.5112	6650	7569
0.49115	6579	7323
0.4954	6407	7140
0.4842	5672	6261
0.49085	5542	6158
0.5127	6533	7386
0.4827	5450	6043
0.51115	7192	8126
0.49235	6517	7295
0.50395	7225	8110
0.4801	5816	6387
0.4754	3803	4189
0.49195	4013	4457
0.49175	6507	7225
0.49365	5864	6571
0.4899	5048	5616
0.4905	6003	6696
0.50405	6692	7496
0.49755	3854	4289
0.50245	6294	7048
0.5149	6419	7276
0.48155	5520	6092
0.4843	4994	5534
0.469	4390	4782
0.48145	2983	3296
0.48485	3741	4139
0.495	6326	7098
0.50875	6684	7550
0.49695	7181	7966
0.4838	3947	4379
0.51375	7531	8529
0.4974	6526	7299
0.50785	6555	7415
0.50505	6256	7066
0.4831	4990	5546
0.481	4479	4946
0.49675	6239	6952
0.4819	2926	3248
0.4893	4400	4898
0.4875	5516	6129
0.4867	4871	5430
0.50725	6133	6891
0.4911	6253	6935
0.479	4709	5165
0.50215	6391	7205
0.51965	7059	8096
0.4845	4689	5160
0.48125	4409	4862
0.50945	7801	8823
0.5034	6518	7347
0.4895	5890	6538
0.5064	7033	7950
0.48555	5436	6048
0.48825	4593	5110
0.5045	6992	7905
0.48305	5939	6566
0.49775	5835	6580
0.50675	7746	8720
0.5043	6734	7587
0.4984	7345	8209
0.5128	6945	7856
0.50265	7149	8022
0.49805	2719	3054
0.5081	7163	8050
0.48845	6514	7243
0.512	5489	6224
0.4912	3943	4377
0.49895	5824	6521
0.49165	5904	6571
0.51045	7473	8455
0.47945	4598	5081
0.50135	7190	8031
0.48665	5807	6460
0.4931	6052	6751
0.48915	4612	5157
0.5047	7222	8120
0.47425	3304	3647
0.50315	6465	7290
0.49265	6519	7239
0.4864	4872	5392
0.49185	6254	6946
0.4772	4902	5385
0.498	5422	6084
0.5035	5595	6309
0.49415	5826	6464
0.49585	5171	5809
0.4983	6580	7381
0.4734	3707	4050
0.4835	4982	5495
0.50535	6376	7188
0.5067	5782	6538
0.5011	6609	7384
0.5085	7115	8028
0.49465	7079	7853
0.49525	6445	7191
0.4911	7078	7842
0.46895	2411	2646
0.5042	6724	7575
0.48325	5240	5799
0.51025	7926	8961
0.48685	6198	6884
0.5098	7087	8021
0.49625	6135	6871
0.48795	4785	5298
0.50045	6942	7818
0.5007	5419	6054
0.4956	4392	4885
0.49465	6431	7184
0.4916	4357	4865
0.4836	3964	4399
0.49285	5312	5937
0.4957	5017	5634
0.49165	5054	5631
0.4892	4229	4720
0.5066	7056	7930
0.48805	4960	5503
0.4885	5678	6297
0.48135	4520	4947
0.51685	7201	8161
0.498	5827	6531
0.4921	6649	7377
0.48585	4868	5414
0.49225	3660	4070
0.50755	7240	8189
0.52565	7896	9026
0.4909	5724	6365
0.51655	8175	9255
0.4967	5167	5800
0.49465	6365	7077
0.50225	7357	8301
0.4971	5650	6360
0.4937	6229	6992
0.4905	6160	6865
0.50715	7580	8568
0.47955	4042	4497
0.5011	6676	7493
0.50025	6744	7551
0.50415	5957	6711
0.49975	6913	7780
0.49345	6622	7392
0.49755	5183	5857
0.4745	2712	2995
0.4873	5407	6030
0.49175	6695	7454
0.50025	6544	7373
0.50355	6647	7458
0.5003	4457	5002
0.493	5135	5718
0.5035	6781	7650
0.49555	5852	6529
0.48865	3449	3849
0.4925	5263	5881
0.50545	6887	7758
0.49865	7152	7992
0.50585	6947	7848
0.50355	5333	6013
0.4932	4144	4622
0.5059	7244	8187
0.4983	7311	8146
0.4925	5293	5926
0.4767	5316	5854
0.4876	5093	5682
0.49695	5086	5678
0.4795	3947	4343
0.4925	4771	5296
0.47675	5644	6186
0.50025	5777	6471
0.488	6187	6819
0.49275	5645	6347
0.49125	4574	5148
0.49845	6959	7772
0.51545	7182	8115
0.50395	7305	8246
0.49855	5551	6234
0.5023	6817	7669
0.5031	7171	8031
0.4974	6078	6783
0.4991	4360	4893
0.51035	7403	8398
0.5038	6913	7801
0.496	4532	5047
0.48815	6108	6815
0.4967	6038	6727
0.5033	6364	7115
0.494	5442	6078
0.51435	7500	8499
0.5059	6407	7235
0.49615	3258	3652
0.4908	5351	5940
0.5009	7478	8376
0.498	6119	6855
0.50565	5498	6214
0.48955	5698	6367
0.493	6609	7355
0.5025	3946	4458
0.49525	6898	7703
0.51515	7819	8829
0.49125	5734	6360
0.5087	7398	8315
0.50145	5677	6350
0.49425	5584	6261
0.49525	6286	7019
0.50115	6766	7585
0.47035	4382	4833
0.4941	5995	6693
0.4971	5215	5857
0.49575	5667	6315
0.50505	6219	7024
0.5007	6176	6953
0.49105	5056	5669
0.49325	3654	4085
0.50385	7125	7991
0.49835	5818	6530
0.51375	7908	8924
0.4732	2564	2809
0.49175	5298	5878
0.48465	3115	3466
0.50105	7300	8157
0.4884	4490	5014
0.4814	3650	4048
0.4849	4707	5223
0.4829	5904	6550
0.4951	4992	5585
0.5041	6454	7259
0.48375	3055	3409
0.49465	5241	5823
0.51005	6871	7782
0.4903	4077	4523
0.49825	7078	7900
0.4976	5740	6439
0.47915	4362	4840
0.47775	2205	2442
0.49795	5235	5880
0.50495	7308	8221
0.5041	7140	8052
0.4854	5226	5824
0.49245	5930	6654
0.5152	7805	8864
0.4891	2991	3300
0.50415	6365	7194
0.50055	5896	6635
0.49645	7045	7909
0.4824	5165	5687
0.4962	5744	6377
0.4786	5231	5765
0.4826	3909	4320
0.4786	5579	6159
0.45525	2099	2270
0.4912	4934	5496
0.4983	5504	6182
0.4774	4559	5033
0.499	5127	5746
0.49415	4583	5097
0.48445	2823	3149
0.49545	7015	7805
0.49635	5413	6046
0.4946	5269	5866
0.49925	6686	7477
0.5017	6875	7684
0.50235	6018	6738
0.4937	4468	4968
0.5107	7075	8056
0.4871	5910	6567
0.50845	7347	8285
0.4925	6262	6977
0.50555	7051	7920
0.4972	5964	6644
0.491	4939	5519
0.48615	5900	6541
0.5033	7399	8316
0.5111	7173	8084
0.4969	6020	6725
0.50525	7231	8105
0.50015	7391	8277
0.5168	7559	8645
0.49885	6358	7131
0.49695	5722	6396
0.4991	6202	6969
0.49065	5989	6687
0.50235	7558	8450
0.48945	2911	3239
0.48545	4930	5489
0.49645	5758	6423
0.4996	7279	8106
0.4758	2073	2292
0.5004	7089	7929
0.5	6855	7653
0.513	7973	9028
0.506	6638	7476
0.4949	5504	6161
0.48035	5371	5927
0.50075	3701	4176
0.4935	6472	7194
0.5064	6264	7065
0.48785	5238	5793
0.4986	7483	8369
0.5023	6944	7777
0.47625	3506	3827
0.47885	4310	4751
0.4931	6655	7429
0.49025	6256	6981
0.4762	3923	4330
0.4905	6934	7705
0.5006	3523	3961
0.50025	7062	7887
0.50325	7150	8035
0.49755	5728	6440
0.5011	7130	7997
0.4869	4092	4564
0.4909	6171	6878
0.52295	7558	8655
0.49355	5137	5728
0.51045	7293	8278
0.49545	5609	6265
0.49595	6032	6731
0.49415	6515	7258
0.4836	5282	5852
0.48865	4641	5134
0.51295	6560	7416
0.4752	2368	2615
0.48085	4175	4621
0.4991	7098	7957
0.49825	6534	7273
0.4909	6805	7571
0.507	7340	8313
0.50675	4116	4655
0.4911	5854	6515
0.48115	2342	2591
0.49865	5386	6011
0.49145	5814	6448
0.49955	5685	6360
0.5104	6298	7125
0.4792	4041	4497
0.49995	6055	6804
0.5015	6117	6870
0.4944	5002	5584
0.4997	5620	6333
0.50105	4928	5552
0.5064	7071	7957
0.49395	6820	7595
0.50015	7396	8238
0.4977	5901	6605
0.5026	7376	8289
0.49655	6900	7703
0.48355	4716	5188
0.49715	5851	6573
0.49805	6759	7555
0.5049	7073	7929
0.5002	5679	6357
0.5025	7353	8237
0.5039	6953	7775
0.48515	4683	5162
0.49965	6579	7359
0.47175	2079	2289
0.49935	6461	7257
0.5047	6897	7780
0.47955	4171	4610
0.4894	5616	6228
0.4876	4714	5252
0.48895	4926	5482
0.5	7002	7881
0.47715	2379	2582
0.5052	5332	6031
0.49865	6260	7008
0.5012	5774	6483
0.506	7475	8411
0.50595	7802	8726
0.49185	5917	6587
0.48345	4589	5106
0.48865	5447	6081
0.4978	6504	7304
0.49645	6489	7224
0.4956	6684	7474
0.48315	5710	6317
0.49605	6170	6879
0.497	5545	6208
0.48325	5134	5683
0.48685	5557	6154
0.4804	3615	3997
0.492	6216	6939
0.4923	6274	6972
0.4722	4116	4510
0.4996	6052	6803
0.4948	4942	5534
0.50015	6492	7332
0.4986	5813	6498
0.49365	2831	3190
0.483	3033	3371
0.49905	5812	6491
0.48915	5810	6454
0.48745	3727	4128
0.48675	4629	5135
0.49575	6300	6966
0.49515	6908	7744
0.50895	5401	6087
0.5048	6855	7776
0.4851	2880	3180
0.50025	7417	8305
0.46815	2726	3009
0.50525	7779	8738
0.48905	5633	6302
0.50345	7207	8104
0.4857	5393	6015
0.5085	4498	5062
0.4812	4778	5286
0.4972	6079	6789
0.4871	5491	6062
0.49205	5767	6429
0.4897	5929	6595
0.4962	5543	6127
0.481	3152	3473
0.48445	5358	5904
0.4997	6965	7838
0.48885	4113	4571
0.49745	7173	8026
0.4798	3188	3508
0.48575	3818	4216
0.4969	5683	6309
0.4976	7024	7847
0.4881	5704	6346
0.49185	6900	7661
0.49895	7177	8037
0.4909	5850	6517
0.45535	1732	1879
0.4962	5865	6553
0.50155	3964	4469
0.4734	2859	3180
0.4921	4686	5225
0.5117	7481	8438
0.4854	3890	4315
0.47715	3810	4190
0.50875	7118	8036
0.4793	3686	4075
0.49	5446	6032
0.49825	6398	7177
0.491	5619	6260
0.5001	6256	6984
0.4981	5844	6490
0.48245	3425	3779
0.50095	5036	5652
0.49595	5928	6607
0.5009	6292	7029
0.49075	4858	5373
0.4888	3102	3446
0.5037	6886	7799
0.493	5650	6289
0.5009	6745	7549
0.46335	2180	2373
0.49765	5318	5991
0.48255	5301	5865
0.503	7129	7984
0.4992	3841	4280
0.48675	5395	6005
0.49285	5104	5664
0.4867	3773	4217
0.4922	6277	6991
0.4838	2229	2497
0.4968	5381	6029
0.50225	6706	7542
0.5	6279	7029
0.50565	7026	7888
0.4791	4492	4936
0.48815	4699	5241
0.48165	5650	6254
0.48975	5911	6548
0.48825	5460	6041
0.4786	4096	4541
0.49545	4703	5260
0.5047	7201	8119
0.5028	5933	6689
0.52185	8010	9150
0.4908	2754	3035
0.48705	4438	4920
0.49405	5912	6600
0.48175	4120	4574
0.49795	5751	6436
0.5031	5658	6380
0.49995	5221	5863
0.50285	7253	8119
0.4958	6907	7701
0.4946	5048	5637
0.5009	7223	8131
0.4906	4557	5110
0.4978	5217	5819
0.5047	6900	7718
0.4985	5379	5993
0.4936	6524	7296
0.49235	5021	5602
0.4932	3756	4209
0.49175	4834	5403
0.50155	5960	6650
0.50885	5596	6357
0.48525	6042	6683
0.4882	2918	3252
0.50615	7323	8220
0.4908	6378	7098
0.4983	7100	7935
0.50555	6361	7165
0.49815	4470	5045
0.49045	3194	3572
0.49645	3927	4382
0.5032	6747	7561
0.4847	3874	4310
0.47905	2403	2664
0.48945	4680	5197
0.4812	5412	5976
0.4915	5659	6303
0.50135	6867	7691
0.50285	7076	7952
0.49025	6064	6748
0.48515	4214	4655
0.50505	7137	8038
0.51025	7443	8441
0.49245	3980	4435
0.48405	5297	5902
0.4955	4242	4686
0.4802	3396	3793
0.50115	6941	7778
0.48495	2932	3263
0.4817	5066	5615
0.4898	3051	3398
0.49035	6249	6927
0.49665	6331	7074
0.50515	7148	8034
0.4974	6413	7213
0.50175	6905	7769
0.49395	5564	6238
0.5155	7406	8428
0.4873	4662	5157
0.50215	6517	7337
0.51485	7383	8400
0.5011	6254	7019
0.5093	7234	8165
0.48445	6180	6806
0.50115	6905	7739
0.50045	7020	7855
0.4898	4424	4923
0.5062	7494	8434
0.5002	6873	7721
0.48015	2476	2725
0.48975	4508	5001
0.4863	5021	5559
0.51525	7128	8104
0.4884	5532	6160
0.48365	5193	5727
0.48595	4795	5343
0.48665	4121	4569
0.4918	3784	4260
0.4885	5075	5637
0.48965	6712	7474
0.47565	3979	4393
0.5006	6791	7629
0.5004	6692	7462
0.47745	1893	2076
0.50885	4835	5474
0.51165	3592	4085
0.49785	5847	6498
0.4788	3669	4081
0.49615	6030	6762
0.47895	2276	2532
0.4943	6678	7456
0.49565	4096	4570
0.5021	2679	2991
0.4839	4920	5428
0.4883	3599	4013
0.51075	7248	8211
0.5041	6914	7776
0.49975	5959	6674
0.4787	5623	6201
0.49105	4177	4622
0.49455	5308	5948
0.4925	5713	6361
0.5158	7554	8576
0.50645	7093	8028
0.4986	6357	7097
0.4807	5327	5886
0.49545	6169	6863
0.49815	6302	7026
0.4944	3609	4051
0.4873	5846	6488
0.5034	5584	6255
0.49315	4791	5366
0.4989	5564	6270
0.49815	6951	7772
0.5059	6952	7812
0.4785	2448	2683
0.50035	6975	7811
0.5057	7172	8073
0.49865	5483	6163
0.49735	6750	7551
0.485	5355	5960
0.4913	3793	4223
0.4938	4770	5343
0.49625	6712	7501
0.48715	3887	4324
0.4869	3809	4199
0.48495	4394	4863
0.5022	7536	8433
0.50515	7187	8085
0.4967	6633	7401
0.4981	6239	6973
0.49325	6001	6708
0.51285	7431	8413
0.4887	5023	5553
0.4999	4848	5434
0.48155	4506	4959
0.50125	6688	7495
0.47945	3759	4170
0.5065	5644	6376
0.49735	6450	7215
0.5043	7188	8070
0.50235	6980	7824
0.49445	6764	7529
0.50075	6732	7513
0.48045	4998	5494
0.4971	6872	7686
0.4856	5949	6620
0.49945	5616	6311
0.4955	5606	6253
0.50385	7538	8437
0.4961	6697	7458
0.4917	5048	5633
0.49585	5509	6139
0.4773	3909	4334
0.50265	6771	7618
0.4857	5733	6364
0.52765	8248	9450
0.503	7068	7920
0.4808	4132	4570
0.5107	7118	8078
0.503	6598	7407
0.51245	7893	8943
0.5032	7165	8069
0.48345	4710	5216
0.48365	3902	4339
0.49585	5917	6619
0.49355	6795	7595
0.49895	6843	7677
0.47875	5197	5750
0.491	5987	6703
0.48925	5905	6570
0.49765	5377	6029
0.48805	5175	5780
0.4855	5604	6222
0.48655	5251	5835
0.48505	2824	3136
0.51055	7033	7973
0.50335	5940	6668
0.4828	4584	5100
0.5107	7047	7993
0.47725	5150	5692
0.50115	6747	7590
0.4907	5672	6323
0.4926	5277	5856
0.4977	5956	6650
0.5007	6598	7395
0.50095	6230	6984
0.4991	6092	6808
0.4979	5083	5709
0.4911	4971	5540
0.49815	7002	7829
0.49495	5008	5586
0.49795	5784	6520
0.4929	5893	6563
0.4845	4681	5193
0.4935	5415	6034
0.48465	4100	4534
0.4917	6218	6934
0.4861	4251	4719
0.49505	6739	7464
0.50185	7331	8190
0.49285	5406	6010
0.49995	7517	8464
0.49135	6730	7478
0.4869	4476	4960
0.48375	3609	3997
0.49015	3765	4225
0.4855	4065	4517
0.5031	5250	5868
0.4847	3802	4198
0.4925	5004	5646
0.49835	6884	7726
0.49385	5346	5982
0.48915	3740	4153
0.51225	7592	8571
0.4889	2810	3095
0.4997	3992	4462
0.496	4494	5082
0.4999	6878	7679
0.4926	4877	5460
0.4948	4951	5485
0.49105	4442	4909
0.5055	5758	6497
0.4798	3797	4204
0.49515	6098	6850
0.5034	7550	8495
0.4865	5407	6009
0.5036	7206	8084
0.4966	6753	7573
0.49385	6386	7085
0.501	4961	5558
0.50625	5238	5892
0.4982	5611	6328
0.49655	5009	5619
0.50945	7459	8392
0.4882	4318	4791
0.4804	4172	4615
0.49875	5789	6468
0.486	2876	3211
0.50405	7351	8286
0.5012	6830	7635
0.4988	6427	7199
0.4831	5649	6245
0.49255	4694	5240
0.49965	6048	6786
0.48285	4331	4810
0.4891	3549	3958
0.4982	7014	7841
0.4961	5172	5786
0.50405	7036	7917
0.4916	6853	7632
0.48	4224	4704
0.4981	7256	8071
0.4899	6381	7056
0.49745	6493	7254
0.5003	6260	7012
0.49245	4794	5340
0.49705	6390	7159
0.4898	6009	6701
0.50455	7126	7974
0.4914	5923	6566
0.48005	5840	6445
0.49535	6488	7275
0.50455	6884	7780
0.50145	6686	7536
0.4971	4898	5456
0.49655	3492	3920
0.4831	2628	2929
0.50245	6540	7378
0.49065	2967	3321
0.49365	5579	6217
0.50645	7493	8478
0.489	6355	7044
0.4863	5051	5612
0.50135	5900	6641
0.4819	4269	4715
0.4869	5606	6229
0.48665	5212	5771
0.5221	8156	9314
0.4905	6463	7191
0.4767	5892	6477
0.50395	6304	7052
0.4864	5498	6088
0.5038	6445	7227
0.49275	5218	5828
0.49905	5634	6304
0.4848	3267	3615
0.49835	4411	4920
0.479	4240	4665
0.51065	6662	7527
0.4825	4902	5429
0.4887	5835	6506
0.5057	6820	7645
0.47985	3343	3673
0.5072	7203	8109
0.4982	5426	6102
0.4907	5670	6292
0.5105	7773	8768
0.5064	6885	7745
0.50405	5993	6738
0.5091	6197	7025
0.5031	7199	8152
0.4959	6740	7558
0.49625	5804	6533
0.5024	6094	6878
0.5027	6401	7189
0.4874	2260	2489
0.49185	5711	6335
0.5008	6760	7615
0.48175	5588	6185
0.49755	5592	6253
0.4836	2495	2717
0.5033	7377	8276
0.4904	5702	6363
0.5022	5489	6163
0.48715	5984	6642
0.4869	6201	6869
0.50075	5525	6172
0.4985	4952	5571
0.49345	5230	5824
0.4862	4648	5211
0.5054	7150	8035
0.4927	5232	5885
0.4873	4399	4915
0.48995	5452	6075
0.49515	5199	5784
0.48425	3649	4059
0.5007	6359	7168
0.49495	4629	5186
0.48745	3605	3999
0.4828	4070	4482
0.4776	4005	4391
0.5093	7054	7967
0.4912	3075	3374
0.48905	4741	5276
0.4933	5838	6553
0.4904	4387	4904
0.49725	6512	7312
0.49345	6252	6947
0.48735	5218	5775
0.50565	6673	7536
0.51305	7761	8825
0.48895	5475	6091
0.4868	5809	6422
0.49795	6065	6780
0.4747	4999	5501
0.4913	3741	4173
0.50755	7090	8038
0.4978	6198	6906
0.5095	6789	7642
0.4936	6057	6743
0.51435	7700	8724
0.502	6419	7203
0.5113	7520	8514
0.49565	5514	6164
0.4957	5366	5962
0.4871	5523	6128
0.50185	6026	6730
0.49435	3240	3660
0.4826	5053	5580
0.4998	4512	5043
0.52095	5334	6106
0.48855	5985	6660
0.49075	5177	5759
0.4884	4123	4601
0.5054	6796	7655
0.4935	5277	5915
0.4955	4354	4890
0.49075	4426	4882
0.5076	5452	6139
0.4757	3417	3775
0.48345	4088	4528
0.50365	6751	7623
0.49435	5969	6673
0.50465	7683	8618
0.4955	6504	7267
0.51045	7422	8352
0.4782	3188	3504
0.4887	5914	6589
0.49575	6184	6880
0.46705	2939	3234
0.4965	6198	6939
0.5002	7012	7864
0.492	5171	5806
0.48455	5077	5611
0.49275	6507	7265
0.50665	5178	5806
0.4937	5897	6566
0.50145	6844	7672
0.46	1820	1967
0.48945	5845	6523
0.47355	1784	1982
0.5005	6258	7041
0.4986	7199	8060
0.48565	4042	4463
0.4996	5022	5631
0.48835	6314	6983
0.4989	6119	6829
0.49425	5332	6022
0.4962	5377	5987
0.49945	6451	7233
0.5012	6677	7505
0.4717	3929	4291
0.5039	5549	6225
0.5003	6486	7261
0.4977	6037	6761
0.49165	6616	7330
0.48425	2041	2246
0.50175	5316	5979
0.50245	5536	6235
0.4878	4314	4808
0.49935	6573	7370
0.50945	7140	8050
0.48655	5851	6472
0.4954	6551	7308
0.49395	6415	7157
0.49495	5678	6337
0.51175	6977	7897
0.49465	6541	7275
0.4888	5986	6626
0.4958	5410	6063
0.4853	3362	3708
0.50045	4702	5310
0.49295	3566	3981
0.50895	7487	8435
0.4919	6150	6810
0.49705	5307	5969
0.48375	5591	6209
0.4898	5135	5747
0.48665	3867	4272
0.4807	5560	6152
0.50815	6855	7727
0.4875	6218	6892
0.48955	5672	6322
0.48345	5949	6597
0.50985	7284	8201
0.4664	1900	2083
0.49165	5350	5941
0.48765	5919	6573
0.4971	4533	5078
0.49785	6184	6920
0.49575	5915	6607
0.49635	5926	6624
0.49725	6670	7442
0.4905	6744	7475
0.4945	6062	6760
0.488	4459	4952
0.4635	3481	3786
0.488	5705	6334
0.48315	5507	6069
0.49545	6590	7344
0.4856	3766	4176
0.48465	3194	3550
0.4991	6093	6816
0.4901	6354	7078
0.45965	1662	1791
0.50255	7545	8458
0.50185	6816	7659
0.48595	4413	4944
0.498	6040	6761
0.49445	6438	7195
0.4945	6960	7723
0.49815	6179	6945
0.506	5127	5802
0.50885	7958	8960
0.50025	4734	5326
0.48485	5665	6264
0.4949	5025	5657
0.4972	6504	7273
0.48065	4589	5072
0.48145	4040	4502
0.4963	6658	7434
0.4927	3905	4332
0.48035	4526	4975
0.47545	2723	3023
0.4898	5476	6109
0.49255	6530	7262
0.49365	4357	4868
0.5031	5515	6231
0.49185	4558	5084
0.4803	4947	5451
0.501	7005	7865
0.4824	3929	4348
0.49105	6140	6837
0.4996	6909	7740
0.4913	5132	5722
0.5022	6566	7365
0.48185	4483	4933
0.49905	6324	7117
0.4998	5877	6569
0.5016	7483	8372
0.5004	6133	6858
0.49435	4615	5169
0.4927	5115	5698
0.49515	4552	5090
0.47795	3093	3397
0.4839	5155	5733
0.4867	4368	4843
0.49465	3210	3605
0.48625	5305	5861
0.48825	5026	5597
0.4958	4287	4756
0.49285	6434	7191
0.49865	5090	5676
0.48375	6214	6880
0.4969	6771	7580
0.49325	5609	6282
0.49635	6158	6900
0.4982	4599	5144
0.4834	5646	6269
0.5023	7584	8547
0.4785	4709	5188
0.49415	6194	6913
0.5073	6682	7486
0.49865	5142	5773
0.50905	4976	5617
0.50395	4763	5348
0.50115	7402	8325
0.4993	4328	4850
0.5039	6823	7734
0.48965	5359	5951
0.4869	4602	5088
0.48795	5883	6539
0.4931	5144	5753
0.4951	5838	6542
0.4816	5363	5885
0.50785	7474	8391
0.4824	4480	4944
0.4905	4763	5336
0.5017	4742	5353
0.49255	6535	7303
0.49485	6808	7573
0.5084	6863	7757
0.51135	7593	8567
0.5008	6090	6803
0.49455	6349	7084
0.4674	2576	2825
0.4992	5053	5669
0.5021	6075	6837
0.4943	6192	6940
0.4861	3877	4324
0.50025	5514	6203
0.48735	5726	6319
0.5006	4419	4932
0.49445	3970	4467
0.50585	5233	5899
0.5049	5599	6268
0.49415	6155	6811
0.50565	6747	7597
0.5154	7382	8360
0.4931	5219	5829
0.496	6970	7758
0.5118	7765	8742
0.5018	6561	7354
0.49115	3497	3909
0.5176	7054	8044
0.49775	6126	6836
0.49005	3481	3873
0.4918	2562	2858
0.49175	4205	4717
0.49155	6272	7000
0.47785	3203	3541
0.50365	4038	4523
0.4803	3768	4189
0.501	7022	7868
0.48125	3443	3799
0.4777	4689	5216
0.5025	5750	6453
0.5053	7441	8405
0.4778	3886	4266
0.50105	6664	7494
0.4989	6594	7366
0.4905	5444	6048
0.502	6322	7132
0.4891	6279	6977
0.4937	6220	6928
0.50455	6583	7428
0.5023	5718	6473
0.49675	4344	4874
0.4981	4796	5356
0.498	6467	7309
0.483	4511	5007
0.4859	5017	5540
0.49365	4033	4535
0.47075	1933	2130
0.4958	5674	6337
0.48955	5737	6368
0.494	7149	7980
0.5047	6771	7602
0.48505	4890	5423
0.4952	6096	6854
0.5045	4985	5602
0.4966	4950	5542
0.493	3067	3417
0.4937	5857	6508
0.48435	2799	3095
0.4967	6513	7288
0.5029	7187	8058
0.50265	6962	7833
0.48415	5341	5925
0.4904	5203	5829
0.49125	6013	6704
0.4953	4405	4902
0.4919	5837	6516
0.4913	5300	5917
0.49275	3167	3534
0.47285	4136	4539
0.5073	7809	8816
0.5036	5864	6591
0.50225	5992	6718
0.49935	3980	4501
0.4895	5069	5672
0.4751	2891	3207
0.4988	6144	6852
0.4889	3605	3995
0.48995	6617	7359
0.4958	5865	6553
0.50005	4599	5156
0.4936	6111	6840
0.4818	5003	5566
0.4905	6555	7325
0.4842	4435	4926
0.5055	6206	6986
0.48865	3504	3925
0.4772	3598	3992
0.4908	5514	6124
0.49255	5325	5935
0.4941	4370	4889
0.5054	6674	7511
0.49535	6693	7448
0.48385	4120	4558
0.50545	7400	8304
0.49665	5211	5800
0.4923	4701	5241
0.4886	5996	6667
0.48415	4597	5071
0.4795	3018	3325
0.49885	3747	4184
0.50395	6469	7266
0.4853	2913	3239
0.47685	2508	2786
0.48755	5221	5784
0.5121	7381	8348
0.5163	7700	8778
0.48715	4621	5138
0.4874	5855	6522
0.50905	7515	8475
0.48715	5888	6552
0.49315	6147	6910
0.4878	5291	5849
0.48305	5423	5989
0.4834	5201	5780
0.4902	5195	5778
0.4839	2890	3208
0.5063	7266	8166
0.5138	7678	8683
0.50145	6830	7689
0.48065	2833	3104
0.48755	5627	6241
0.5085	6803	7700
0.50915	7029	7944
0.5164	6560	7471
0.4859	6342	7039
0.48885	6096	6764
0.50405	6307	7145
0.4834	4201	4657
0.49365	5307	5914
0.51145	7582	8562
0.50815	6797	7622
0.50555	7271	8128
0.5063	5099	5765
0.49055	5937	6575
0.4851	5938	6608
0.4943	4720	5288
0.48225	4074	4516
0.4994	7407	8287
0.48815	6335	7057
0.5017	5732	6424
0.49185	3199	3538
0.48445	5382	5936
0.4845	6052	6711
0.5112	7355	8275
0.4948	6897	7662
0.50225	4964	5591
0.5072	7520	8477
0.4987	7188	8044
0.5027	5868	6608
0.47975	3025	3339
0.5034	7485	8360
0.51195	6202	7019
0.49925	6935	7764
0.4986	5982	6719
0.4877	2750	3048
0.49455	5629	6305
0.48275	4737	5274
0.49305	6665	7443
0.4724	1849	2024
0.50525	6808	7675
0.4948	6485	7245
0.5019	5968	6707
0.5016	5406	6039
0.4806	3326	3718
0.49295	5859	6546
0.49735	6330	7125
0.48415	5601	6177
0.49515	6325	7012
0.4932	5899	6597
0.48455	4187	4619
0.49925	7076	7931
0.48295	1495	1657
0.5049	7780	8745
0.48055	5363	5923
0.48885	5537	6142
0.499	4077	4595
0.4979	6530	7322
0.4877	3226	3590
0.48585	5961	6634
0.49865	6660	7474
0.49615	3645	4079
0.4919	6469	7154
0.48655	4753	5310
0.50315	7269	8163
0.4924	5205	5794
0.4953	6530	7315
0.5091	7199	8097
0.4782	4717	5245
0.51355	8006	9093
0.50685	6353	7141
0.49905	5173	5797
0.47945	3817	4205
0.49905	6372	7122
0.5005	6411	7169
0.49535	6985	7848
0.49575	5922	6623
0.48675	4914	5450
0.48845	6303	7014
0.4792	5663	6233
0.5038	6711	7581
0.4934	5958	6599
0.50025	6902	7730
0.49475	4693	5189
0.49915	7016	7876
0.50775	5164	5866
0.4933	6333	6998
0.49115	4036	4494
0.48845	2643	2915
0.49875	6841	7654
0.48265	3614	3971
0.5084	4411	4992
0.49655	5156	5792
0.501	6579	7403
0.4835	4842	5389
0.4989	4264	4773
0.50385	5995	6736
0.48505	5203	5769
0.4931	6748	7473
0.4984	6836	7676
0.49515	6734	7500
0.5043	6421	7182
0.5031	6414	7153
0.4908	3158	3492
0.5075	7569	8544
0.48945	6567	7306
0.49975	3844	4317
0.4942	5398	6068
0.5076	7051	7931
0.4933	5249	5842
0.48565	3451	3822
0.51125	7677	8653
0.49805	5738	6430
0.4873	5019	5576
0.47405	2120	2332
0.503	6304	7085
0.50045	5372	6023
0.4906	5167	5714
0.49765	5702	6394
0.4708	2291	2508
0.48885	5624	6281
0.49065	5013	5604
0.50795	7450	8382
0.4855	3088	3430
0.501	4797	5397
0.484	4805	5324
0.49925	6047	6763
0.4938	6561	7286
0.4995	7097	7926
0.4862	4978	5531
0.50165	5878	6559
0.49545	5503	6153
0.4947	6441	7165
0.47985	3598	3965
0.4928	6445	7163
0.49625	6769	7541
0.49515	6562	7324
0.50135	7557	8439
0.50245	7048	7920
0.48175	4359	4833
0.4927	4685	5202
0.4805	2742	3011
0.48165	4480	4944
0.48665	4466	4979
0.4918	5967	6653
0.5168	6839	7775
0.5064	6272	7061
0.51305	7217	8187
0.5015	6918	7774
0.50005	6033	6766
0.5031	6503	7311
0.48825	6037	6763
0.48675	2984	3283
0.50615	6096	6863
0.49935	6839	7661
0.50435	5570	6265
0.49205	6171	6873
0.50465	6940	7827
0.47425	4342	4817
0.486	3789	4175
0.4744	3486	3818
0.48745	4080	4499
0.4915	5449	6078
0.50055	5841	6494
0.4946	6399	7161
0.5015	5020	5682
0.4855	5670	6286
0.4881	4943	5523
0.5002	6173	6892
0.50115	6938	7796
0.5047	6876	7718
0.48715	4830	5347
0.49585	5297	5960
0.49155	5192	5721
0.49385	5974	6696
0.50875	7537	8501
0.4837	5358	5946
0.4924	6721	7520
0.5029	6810	7638
0.4988	6664	7477
0.4926	5602	6227
0.48725	6418	7106
0.49405	4787	5318
0.48935	6230	6928
0.5026	6324	7087
0.5024	6452	7235
0.4995	6616	7439
0.47915	3145	3452
0.49895	6886	7719
0.499	5282	5930
0.50045	7024	7886
0.50625	5693	6399
0.48685	5016	5573
0.4864	6258	6922
0.49495	6974	7830
0.49305	4710	5216
0.50425	6767	7617
0.47365	4754	5199
0.50525	6657	7499
0.48185	3272	3638
0.498	5061	5672
0.496	4979	5574
0.50075	6735	7558
0.50325	6770	7582
0.49615	5152	5782
0.47495	2722	3012
0.4972	6477	7242
0.47485	1794	1992
0.4755	3323	3653
0.49235	6232	6929
0.5088	7176	8101
0.4922	5328	5937
0.498	7102	7947
0.48775	4258	4694
0.4852	2737	3026
0.47475	3481	3841
0.49835	4633	5203
0.5077	6485	7338
0.4836	3889	4301
0.5016	6152	6952
0.49445	7033	7856
0.502	7541	8486
0.4843	3798	4201
0.51355	7311	8276
0.496	6942	7733
0.47845	3816	4193
0.4879	4375	4811
0.50685	6372	7202
0.51115	6929	7777
0.49765	6334	7080
0.50845	7209	8189
0.49365	5386	5985
0.50685	7707	8685
0.48895	5254	5831
0.50585	7424	8375
0.48655	4913	5453
0.48245	3735	4128
0.5083	7580	8556
0.4876	5877	6557
0.49545	5773	6454
0.5088	7563	8498
0.48755	5472	6084
0.51005	7032	7935
0.49435	4804	5360
0.4993	6355	7119
0.50355	7061	7919
0.4933	6549	7244
0.51235	6606	7499
0.50385	6662	7514
0.50395	7086	7967
0.5056	5995	6764
0.49265	4076	4542
0.49985	4698	5282
0.51	7543	8532
0.48675	5704	6342
0.49015	4237	4701
0.48925	6896	7669
0.51075	5943	6739
0.4963	6453	7204
0.49885	5746	6427
0.49755	6874	7704
0.5018	6980	7819
0.4996	6365	7129
0.4907	3689	4131
0.4758	1447	1592
0.4791	3692	4095
0.48325	4888	5404
0.47235	2118	2340
0.4924	6650	7387
0.47925	5075	5600
0.4996	6946	7758
0.4957	6009	6730
0.4874	4705	5201
0.5042	7273	8144
0.50185	6210	6971
0.5018	2628	2941
0.4933	6493	7255
0.4863	3729	4124
0.4922	6802	7526
0.49865	4904	5520
0.5025	6402	7204
0.49745	6766	7573
0.49585	5538	6196
0.4912	5923	6633
0.5009	6629	7404
0.49245	4424	4920
0.493	5595	6243
0.5019	6940	7819
0.4965	4792	5398
0.49985	6768	7580
0.49185	6479	7219
0.49065	6159	6873
0.5079	7245	8180
0.4984	7065	7914
0.48625	6248	6900
0.49675	6025	6705
0.48795	2976	3300
0.5043	6572	7403
0.5031	7512	8427
0.4949	5544	6188
0.50255	6752	7616
0.4965	6723	7486
0.5009	6952	7790
0.48715	6418	7068
0.50195	7306	8153
0.48965	5300	5906
0.5052	7269	8164
0.50175	7150	8006
0.4875	2087	2334
0.4924	6104	6802
0.508	7357	8264
0.5061	5578	6310
0.4704	2929	3211
0.5141	7698	8734
0.4953	2601	2939
0.4982	6371	7110
0.4823	1914	2106
0.5073	6867	7743
0.4632	2067	2278
0.4832	3398	3772
0.50065	6524	7314
0.49395	4727	5255
0.49205	5969	6610
0.4921	3032	3366
0.4941	3709	4089
0.49965	6919	7772
0.4979	7016	7849
0.507	7181	8105
0.50445	7216	8107
0.48625	5172	5759
0.5106	7878	8851
0.49055	4871	5383
0.48815	5023	5558
0.49745	7262	8083
0.50695	5575	6285
0.50295	6213	6955
0.4983	6392	7170
0.51465	5911	6713
0.47985	3205	3547
0.49885	7042	7855
0.50445	7591	8490
0.4981	5169	5767
0.5112	7743	8735
0.5008	6672	7470
0.50485	5669	6355
0.50435	7371	8301
0.4942	6886	7677
0.4962	5964	6642
0.51015	7481	8454
0.483	3948	4336
0.4872	4273	4727
0.4963	5962	6679
0.4838	4577	5085
0.4904	3265	3619
0.51195	4961	5618
0.50835	6907	7806
0.509	5742	6533
0.49185	4196	4675
0.4824	4235	4719
0.4979	5616	6253
0.51225	7802	8833
0.48565	4786	5310
0.4924	5514	6108
0.48685	4138	4627
0.49625	4408	4905
0.49775	5525	6201
0.4961	6649	7430
0.4905	6000	6633
0.48675	5861	6489
0.4959	5930	6606
0.51015	6944	7856
0.49655	6664	7430
0.49815	6061	6779
0.497	7004	7755
0.49065	5140	5753
0.506	6726	7549
0.4934	5824	6513
0.49305	5571	6211
0.4984	6096	6793
0.50875	7393	8372
0.48535	3863	4278
0.5076	6872	7754
0.5049	7188	8067
0.4993	5794	6476
0.5029	7720	8621
0.4881	5448	6060
0.49535	6558	7346
0.49535	5119	5728
0.4898	6246	7037
0.49895	6770	7605
0.5009	2819	3179
0.48955	5673	6279
0.5028	6823	7680
0.49585	7108	7966
0.50575	6079	6860
0.5037	4820	5420
0.5018	7225	8097
0.4777	4384	4839
0.50935	6898	7795
0.50105	6565	7335
0.5061	7190	8117
0.5109	7429	8396
0.5156	7637	8689
0.49795	6385	7117
0.47525	3836	4213
0.50195	7043	7929
0.4992	3470	3831
0.50405	7483	8417
0.5041	4743	5310
0.5087	3956	4435
0.4972	6626	7394
0.49575	3718	4148
0.4849	6087	6726
0.49295	6573	7318
0.49025	6475	7179
0.49105	5882	6555
0.49945	6563	7321
0.5027	4370	4920
0.4904	5005	5570
0.5054	6827	7666
0.4995	6139	6893
0.5034	5550	6250
0.49125	3998	4435
0.50415	6788	7614
0.4981	6073	6785
0.4976	6420	7162
0.505	5521	6219
0.50365	7327	8211
0.48845	5636	6274
0.5192	7859	8922
0.4877	5575	6176
0.4975	6114	6839
0.48695	6401	7086
0.49065	4931	5464
0.5063	5375	6087
0.49795	7244	8060
0.4957	3771	4226
0.49755	7027	7865
0.50265	6896	7766
0.5037	4964	5593
0.4924	4887	5451
0.46945	1791	1937
0.48765	4917	5456
0.49445	5608	6293
0.4924	4247	4730
0.49285	6075	6803
0.48475	2671	2973
0.48245	5291	5845
0.5207	8178	9287
0.4859	5178	5727
0.49945	3489	3923
0.49935	6449	7244
0.4868	4606	5138
0.4967	5170	5801
0.48835	6170	6827
0.49815	6615	7430
0.49865	6633	7381
0.4915	5826	6507
0.49375	6356	7083
0.49925	6934	7772
0.48335	4306	4795
0.49975	5830	6542
0.49545	6303	7057
0.49895	4089	4570
0.50845	5420	6141
0.49685	5607	6302
0.50395	4420	4952
0.51315	7785	8798
0.49215	6776	7511
0.48755	5862	6515
0.50515	6858	7767
0.5135	7753	8778
0.50555	7087	7972
0.5065	7395	8308
0.49525	4745	5257
0.4872	5800	6420
0.49275	6870	7608
0.4899	5635	6255
0.49305	6439	7137
0.5005	3720	4175
0.49745	5941	6616
0.48475	3860	4268
0.5168	7402	8467
0.48525	5037	5597
0.48525	4752	5295
0.4995	5810	6474
0.4978	6336	7125
0.49565	4602	5096
0.49315	7074	7888
0.49485	5073	5654
0.48655	4774	5281
0.4967	6019	6730
0.4925	5906	6565
0.4874	6539	7209
0.49935	3421	3803
0.48225	4559	5074
0.49795	7315	8150
0.49965	6708	7520
0.4983	5632	6307
0.50235	7057	7939
0.4956	4112	4602
0.49205	5864	6521
0.5056	6853	7707
0.488	6494	7211
0.48495	4565	5055
0.48595	4324	4783
0.48725	5521	6094
0.49395	6284	6988
0.4895	6503	7211
0.5028	6827	7700
0.5061	6646	7525
0.5009	7059	7884
0.52555	8216	9435
0.4883	6499	7212
0.48235	2959	3284
0.4873	4970	5535
0.48975	4307	4783
0.4969	6488	7274
0.50435	3468	3904
0.489	5054	5628
0.4791	2160	2392
0.49915	6847	7694
0.4896	6415	7111
0.50255	5081	5636
0.4848	4043	4478
0.50785	6753	7629
0.4884	2486	2770
0.47805	5248	5823
0.49515	6367	7082
0.4941	4552	5093
0.49535	5317	5959
0.5034	6983	7811
0.50065	6569	7360
0.507	7372	8305
0.50255	5694	6396
0.49845	6874	7668
0.50305	6452	7231
0.49235	3933	4350
0.49465	6944	7749
0.47835	4355	4814
0.49725	3104	3462
0.47795	3414	3731
0.46575	4003	4388
0.49485	6238	6953
0.5055	5489	6177
0.5026	6476	7292
0.48825	5287	5859
0.5042	6687	7533
0.49705	6373	7121
0.50725	7223	8128
0.5109	7316	8281
0.499	6274	7018
0.47895	2526	2774
0.50165	3638	4052
0.50845	7357	8309
0.4883	5659	6250
0.49765	6314	7047
0.4972	4321	4854
0.50545	6986	7836
0.48765	3629	4062
0.4883	4498	4972
0.48215	5430	5987
0.50245	7363	8257
0.4686	3760	4118
0.49825	5828	6503
0.49945	6597	7374
0.50895	7291	8214
0.5097	7062	8006
0.4806	1805	1987
0.49135	5967	6613
0.5014	6287	7062
0.5031	7522	8442
0.49565	5844	6517
0.5008	6382	7146
0.4963	5500	6187
0.4659	2092	2318
0.49835	6367	7161
0.48835	4078	4486
0.4961	5908	6601
0.49425	7201	7982
0.5105	6440	7305
0.48755	4339	4803
0.488	3175	3516
0.485	6074	6724
0.4973	6582	7377
0.48295	2009	2227
0.4986	6242	6969
0.4816	5618	6202
0.47605	5162	5671
0.50435	6961	7800
0.48685	3993	4442
0.50865	6447	7287
0.4878	3140	3469
0.49795	7135	7985
0.48985	6361	7073
0.50625	5681	6417
0.49715	4928	5511
0.5127	7841	8867
0.49885	6968	7746
0.48835	4323	4819
0.4887	4764	5296
0.50845	7262	8189
0.5025	6021	6756
0.50005	6334	7098
0.4695	4760	5197
0.49935	5501	6176
0.48345	4175	4610
0.5021	7000	7842
0.5017	5319	5943
0.4899	5749	6402
0.4899	5727	6370
0.48795	6542	7213
0.48845	5836	6543
0.4931	5865	6542
0.50695	7066	7919
0.48655	4347	4829
0.49705	2211	2487
0.49465	5835	6486
0.5048	6625	7448
0.50655	7757	8705
0.5033	5933	6666
0.4968	4821	5420
0.50015	7102	7933
0.4984	6485	7255
0.48365	4962	5503
0.50775	7125	8008
0.49415	5784	6462
0.49285	5162	5762
0.49925	6264	6990
0.49965	4952	5501
0.49135	5766	6394
0.5036	5307	5975
0.4976	6184	6901
0.49995	7152	7996
0.47705	3887	4277
0.482	3303	3627
0.4922	3786	4185
0.4929	3697	4091
0.5013	7255	8106
0.4987	4884	5481
0.4974	6132	6829
0.49725	2690	3013
0.49735	6543	7288
0.51025	6438	7247
0.47875	5346	5887
0.4801	2205	2439
0.49335	5005	5595
0.47495	4541	5013
0.50915	6646	7470
0.49485	5873	6526
0.4948	3847	4318
0.48865	3680	4083
0.48575	4429	4914
0.4862	4165	4630
0.50515	7716	8663
0.50475	5858	6584
0.4939	5288	5862
0.47025	3178	3485
0.4815	2588	2907
0.47995	4275	4703
0.49495	6661	7430
0.4841	3921	4381
0.49035	5620	6263
0.4885	4132	4559
0.5029	6224	6958
0.4767	3414	3772
0.48685	4718	5248
0.50935	7444	8385
0.51215	7437	8472
0.4931	4229	4698
0.5017	6722	7509
0.4895	5866	6507
0.51115	7446	8444
0.50385	5754	6459
0.4956	7371	8217
0.5024	5269	5917
0.49005	4253	4751
0.501	6895	7708
0.49665	6540	7290
0.49285	4571	5088
0.50385	6761	7626
0.4914	6095	6755
0.47855	3375	3749
0.50855	7949	8956
0.49895	6196	6955
0.49975	7433	8331
0.5042	6874	7695
0.50905	7509	8456
0.47795	5189	5750
0.49285	5529	6172
0.47615	3328	3674
0.4921	6395	7108
0.51945	5550	6371
0.49075	6644	7404
0.49515	3178	3514
0.5034	6151	6949
0.4845	5282	5858
0.50185	6229	7027
0.49445	6233	6959
0.50395	5055	5707
0.4829	4091	4542
0.51025	7453	8414
0.50745	3111	3507
0.49	6322	7098
0.50525	6991	7896
0.50715	5959	6758
0.5041	6633	7479
0.49235	6198	6896
0.49165	4649	5153
0.5023	5665	6405
0.5134	7394	8415
0.4912	6035	6707
0.4977	6113	6851
0.4672	4549	4990
0.4875	5815	6451
0.49295	4609	5152
0.50685	7215	8140
0.4692	2751	3043
0.5101	7162	8071
0.51175	6914	7788
0.48335	3405	3792
0.50435	4068	4572
0.5045	7629	8567
0.49895	5589	6303
0.49525	5768	6422
0.4986	5728	6426
0.4815	5487	6063
0.4872	6339	7034
0.48995	4921	5478
0.5034	7431	8377
0.50115	6969	7783
0.4757	3361	3730
0.5058	5516	6229
0.5016	5311	5950
0.5008	6150	6913
0.49785	6403	7125
0.49275	5809	6476
0.49025	5489	6096
0.5015	6792	7649
0.4857	4168	4618
0.4844	5375	5948
0.4959	6577	7343
0.5047	7308	8234
0.48715	3382	3757
0.48465	5897	6526
0.51485	7859	8930
0.50015	6783	7596
0.4956	6426	7200
0.49215	5433	6064
0.48655	5171	5752
0.4861	4214	4689
0.4892	5923	6608
0.4943	5557	6234
0.49355	3507	3921
0.48035	5470	6057
0.48735	5363	5993
0.49725	6456	7196
0.49325	6206	6927
0.4898	4974	5549
0.4866	5936	6629
0.50715	6442	7275
0.5013	6001	6743
0.48365	3550	3920
0.4812	4302	4744
0.4836	4337	4776
0.4935	6076	6763
0.5007	6724	7545
0.50815	6344	7176
0.48865	5152	5695
0.483	4749	5260
0.4871	4491	4984
0.50415	6884	7707
0.49535	6607	7356
0.49725	6905	7748
0.504	4549	5126
0.4909	5850	6494
0.49795	5925	6577
0.49895	5904	6681
0.50815	7239	8218
0.5044	3883	4385
0.48665	2961	3305
0.49905	5966	6716
0.49095	4308	4797
0.49665	5639	6299
0.50235	5834	6555
0.50815	5733	6437
0.4981	7196	8062
0.48875	5772	6403
0.50055	5934	6687
0.49545	5585	6226
0.4964	6333	7063
0.50495	5740	6449
0.4963	6380	7113
0.4914	5637	6327
0.49165	4837	5444
0.49935	6779	7604
0.4945	6327	7050
0.50935	7891	8870
0.5007	3809	4283
0.50475	7170	8092
0.49455	6223	6887
0.49795	5214	5830
0.46725	2455	2701
0.4914	6663	7399
0.50155	7039	7910
0.49645	5347	6005
0.50435	7528	8452
0.491	4952	5517
0.48025	4416	4882
0.48105	2946	3276
0.48525	4103	4549
0.498	6543	7336
0.4977	4852	5445
0.48915	5785	6425
0.49665	5360	5997
0.48375	3822	4233
0.48375	5244	5805
0.5135	7868	8861
0.5064	7499	8418
0.50905	7241	8201
0.4981	5015	5658
0.50015	7145	8014
0.49655	5159	5714
0.49845	4976	5608
0.50935	6729	7619
0.5087	7319	8243
0.49715	6205	6930
0.5009	7234	8083
0.50405	7416	8307
0.50845	7757	8727
0.4959	5491	6121
0.4965	6149	6881
0.48915	6465	7210
0.4953	5280	5898
0.495	6626	7384
0.50055	7027	7881
0.5064	6726	7616
0.50205	6789	7637
0.5076	5893	6605
0.4969	6319	7065
0.4897	5098	5654
0.49715	6504	7260
0.4816	5688	6315
0.5044	6521	7363
0.5099	7662	8659
0.4899	3580	3938
0.4953	5811	6506
0.4997	6433	7261
0.49795	4326	4868
0.48285	3622	3999
0.505	7246	8139
0.50405	6492	7310
0.4959	6208	6951
0.46965	2604	2849
0.49095	3958	4380
0.47775	3580	3959
0.49935	6975	7794
0.48605	4870	5411
0.49475	6017	6696
0.49875	6652	7439
0.4854	3652	4014
0.49745	6410	7166
0.5126	7796	8817
0.49955	5967	6691
0.5028	6459	7242
0.49505	5709	6396
0.4925	2494	2738
0.4936	4252	4684
0.4808	3788	4170
0.49765	6322	7090
0.51545	6986	7923
0.49835	5881	6552
0.48485	2257	2501
0.49225	4946	5531
0.4957	4888	5479
0.4859	5507	6071
0.48625	3387	3740
0.49805	6150	6882
0.4935	6463	7182
0.49555	5182	5759
0.49385	6157	6838
0.4975	6826	7617
0.4784	3991	4421
0.48225	4474	4941
0.5053	6359	7142
0.49745	5956	6657
0.49915	7095	7969
0.4944	6351	7086
0.48835	5124	5667
0.49925	5129	5742
0.504	5255	5881
0.4961	4930	5495
0.4997	4863	5464
0.5072	7498	8474
0.50045	5965	6688
0.51455	7707	8722
0.50615	5718	6453
0.4859	5480	6070
0.49015	5621	6236
0.48505	5805	6423
0.50075	6607	7435
0.49435	5853	6497
0.49445	7017	7801
0.4794	2282	2520
0.50415	7086	7985
0.50925	7553	8491
0.50415	7579	8497
0.4994	5111	5693
0.47915	3509	3896
0.49145	6224	6913
0.5175	7616	8651
0.51125	7412	8380
0.48495	6000	6663
0.49045	3932	4353
0.49635	5407	6060
0.5104	7592	8567
0.49575	6755	7511
0.4971	6439	7187
0.51235	7800	8792
0.50455	3627	4051
0.50385	6851	7693
0.4883	5388	5977
0.4865	5509	6082
0.48855	4818	5354
0.50425	6953	7809
0.50965	7406	8357
0.49835	6080	6820
0.4907	6101	6818
0.49185	5951	6598
0.4886	3776	4172
0.4907	4298	4766
0.4856	3363	3759
0.50415	6061	6796
0.5065	4176	4720
0.4865	5000	5565
0.50135	4773	5377
0.50195	4902	5495
0.51415	7923	8988
0.49545	6674	7495
0.48955	6380	7111
0.51795	7645	8725
0.4877	6533	7286
0.49865	5339	5964
0.4982	6555	7298
0.48575	3739	4186
0.4994	5839	6539
0.50665	4266	4799
0.49085	5315	5908
0.50485	6605	7435
0.4979	5863	6597
0.47535	3005	3326
0.49675	6888	7718
0.48915	6450	7164
0.49855	5582	6246
0.49215	2942	3296
0.48425	3562	3937
0.5113	6653	7523
0.5096	6978	7884
0.4991	5979	6690
0.49865	6242	7011
0.49375	5486	6144
0.5091	7143	8017
0.5042	7091	7979
0.50125	5099	5720
0.48565	4034	4499
0.49945	6790	7588
0.4803	3776	4177
0.4939	5295	5896
0.4982	6538	7312
0.50275	5798	6562
0.50235	4619	5148
0.49345	4605	5147
0.47465	3619	3968
0.49605	5235	5837
0.4996	7088	7887
0.4939	6785	7570
0.48635	5573	6185
0.4907	5439	6049
0.4944	6390	7143
0.48395	2653	2929
0.47555	3155	3485
0.481	3714	4089
0.501	6890	7741
0.49245	4097	4568
0.5037	7581	8510
0.47905	2531	2782
0.4923	4544	5100
0.49685	6302	7062
0.48735	3363	3764
0.50145	7614	8530
0.4996	5933	6654
0.5026	6817	7654
0.5157	5960	6767
0.5008	7182	8037
0.503	7054	7947
0.50685	5710	6453
0.5044	6702	7530
0.519	5767	6584
0.49725	6623	7387
0.5073	6373	7163
0.48965	5670	6306
0.5041	7026	7890
0.49755	6742	7505
0.4869	4462	4945
0.49455	4338	4832
0.5044	6707	7590
0.477	2994	3299
0.48995	5524	6150
0.4815	5477	6051
0.49805	5448	6142
0.48275	4307	4804
0.4869	4823	5398
0.48025	5159	5700
0.4886	4925	5505
0.48015	4655	5140
0.5041	6932	7806
0.508	6990	7885
0.4984	6838	7637
0.5082	7282	8193
0.4693	2482	2730
0.4835	2864	3165
0.49885	6652	7438
0.48315	1780	1960
0.50255	6615	7404
0.49085	4785	5359
0.4874	5368	5957
0.49585	5204	5830
0.50875	6713	7534
0.48805	5475	6038
0.4796	2207	2427
0.48465	3688	4104
0.4977	4602	5158
0.4953	5992	6744
0.47295	3262	3587
0.4956	6415	7183
0.5102	7480	8440
0.5102	6271	7099
0.49405	5870	6531
0.4902	4058	4519
0.4914	3482	3869
0.50545	4452	5014
0.49135	6531	7260
0.495	4775	5322
0.50675	6465	7312
0.482	2969	3283
0.50365	5951	6695
0.48375	4336	4823
0.49625	6700	7486
0.47155	2519	2780
0.51255	5730	6488
0.49715	6571	7350
0.51265	6816	7762
0.4867	4713	5253
0.4835	3223	3574
0.50595	6417	7209
0.49665	6277	6988
0.49235	6485	7226
0.48865	5710	6347
0.5021	6899	7737
0.48795	3457	3841
0.4877	5338	5885
0.49685	7055	7880
0.49305	5997	6657
0.4705	2221	2417
0.50135	4272	4796
0.49785	5064	5700
0.4906	5514	6147
0.5013	7149	7982
0.505	5465	6186
0.5016	5686	6388
0.4679	2645	2898
0.4925	4758	5325
0.4943	5694	6345
0.49285	6483	7244
0.5007	6598	7402
0.4935	5524	6152
0.49475	3950	4419
0.51135	7909	8935
0.4853	5635	6254
0.4842	5788	6409
0.48825	4371	4852
0.48845	4065	4517
0.50375	6913	7753
0.50585	5937	6685
0.49165	3791	4199
0.5084	6520	7388
0.50135	5995	6758
0.4925	5741	6355
0.4942	5990	6664
0.5016	6742	7584
0.4834	3035	3362
0.4969	6119	6851
0.5089	7647	8631
0.4916	5582	6228
0.4958	6287	7003
0.4869	4956	5518
0.4918	3933	4387
0.5155	7939	8982
0.4777	3377	3743
0.50345	7158	8070
0.49115	6409	7120
0.4861	5362	5945
0.4996	4487	5029
0.49525	6588	7336
0.51055	6975	7859
0.50615	6815	7683
0.5013	7228	8126
0.5019	5179	5813
0.47175	3257	3568
0.50725	7427	8358
0.50165	5465	6110
0.4865	3408	3779
0.49475	6888	7677
0.48775	4801	5343
0.5011	4060	4534
0.511	6316	7188
0.49735	7099	7905
0.48805	5758	6370
0.48905	4995	5514
0.5058	6370	7139
0.47245	4184	4603
0.49125	5156	5739
0.48195	5953	6563
0.4883	5384	6005
0.4992	6644	7458
0.4707	3657	4008
0.49145	3727	4183
0.49955	6879	7699
0.4853	4130	4550
0.4961	6579	7355
0.49505	6437	7180
0.4869	5759	6365
0.4964	4392	4937
0.4896	6399	7098
0.50595	7566	8540
0.496	5728	6369
0.4994	6450	7228
0.49555	5485	6114
0.48035	3475	3844
0.4952	5923	6599
0.49385	5243	5853
0.50065	6238	7031
0.497	5745	6436
0.4941	5640	6316
0.4999	6276	7047
0.5004	7046	7882
0.49465	6587	7339
0.49885	7183	8033
0.49275	6073	6770
0.49585	5759	6440
0.48015	6133	6787
0.4937	6644	7359
0.48905	4576	5068
0.4917	5374	5966
0.50355	7381	8287
0.5021	5621	6336
0.48625	2759	3048
0.48335	6220	6853
0.504	6213	6999
0.5016	6933	7799
0.47635	4344	4818
0.50195	6257	7007
0.49635	6618	7363
0.4867	3832	4304
0.48455	5931	6582
0.5082	7323	8254
0.4928	4545	5099
0.51165	7606	8611
0.49	5235	5821
0.5151	7775	8830
0.485	2930	3245
0.482	3271	3607
0.4928	6538	7272
0.49345	5953	6623
0.50465	6602	7407
0.50995	7576	8540
0.475	3062	3360
0.4818	4009	4429
0.50055	6055	6796
0.5078	8026	9024
0.49485	6901	7684
0.4905	5741	6365
0.50855	7723	8657
0.49375	2765	3067
0.4871	2886	3222
0.482	3338	3680
0.5051	7473	8404
0.4795	3574	3949
0.50675	7149	8092
0.49695	3051	3408
0.49465	5681	6301
0.4873	6000	6661
0.50685	7214	8163
0.505	6647	7503
0.5171	8029	9138
0.51125	7335	8342
0.48905	5026	5597
0.5061	6952	7842
0.48595	4180	4647
0.49405	4598	5075
0.4934	5833	6528
0.492	6016	6687
0.5166	7738	8821
0.5121	7589	8572
0.5009	6424	7194
0.50115	6404	7206
0.4951	2666	2993
0.47925	2615	2895
0.49565	6007	6725
0.4826	3921	4345
0.48935	3303	3653
0.4921	5378	6001
0.4936	6299	7005
0.482	4343	4786
0.4938	5161	5765
0.4918	2794	3111
0.48655	4664	5188
0.50355	7228	8140
0.48905	5088	5667
0.4942	2241	2480
0.4951	6541	7303
0.4996	7083	7912
0.4853	3774	4200
0.48705	5351	5914
0.50695	6153	6914
0.4691	2737	2984
0.4909	3783	4224
0.5046	7259	8120
0.5008	5837	6549
0.4999	5792	6518
0.5072	7879	8859
0.50445	7360	8195
0.52075	8184	9337
0.5063	7874	8857
0.49155	6339	7074
0.4631	3523	3896
0.50065	6512	7271
0.51115	7500	8510
0.5093	6294	7124
0.50735	6482	7331
0.49475	5199	5855
0.48815	3998	4402
0.47805	4799	5285
0.4847	5851	6504
0.48825	5526	6142
0.49525	4824	5366
0.50185	6726	7577
0.51665	7595	8613
0.4972	6638	7400
0.49325	4940	5523
0.4894	5922	6575
0.5006	6086	6855
0.50755	5258	5944
0.5086	3739	4195
0.4899	5304	5900
0.48545	2094	2332
0.51165	6964	7896
0.503	7175	8084
0.49745	6023	6739
0.48485	4797	5363
0.4866	5950	6620
0.5019	6813	7629
0.499	4349	4849
0.47425	4384	4846
0.4833	5456	6042
0.50495	6296	7114
0.4894	4976	5545
0.51545	7544	8587
0.49715	3814	4270
0.49695	5195	5791
0.49815	6482	7238
0.48335	3231	3584
0.4862	4169	4624
0.497	4730	5314
0.5024	6556	7358
0.4846	2777	3086
0.4889	4826	5384
0.4932	6247	6961
0.5023	6254	7044
0.49705	6881	7665
0.4939	7076	7859
0.49585	6176	6909
0.49935	5922	6659
0.51395	6099	6936
0.5018	5591	6322
0.4881	5163	5734
0.4831	4486	4983
0.48405	3770	4159
0.49015	6111	6765
0.47655	5323	5847
0.50005	6732	7577
0.4901	5198	5779
0.5154	7061	8025
0.50895	6246	7020
0.48455	3249	3592
0.4912	5927	6598
0.4809	4932	5430
0.51205	6897	7798
0.49675	7461	8301
0.5004	6728	7558
0.50025	6198	6978
0.50325	7422	8280
0.49705	6757	7530
0.48115	4003	4409
0.497	4982	5606
0.4964	5926	6635
0.48655	5057	5603
0.5121	7773	8780
0.4858	2766	3072
0.4835	3395	3761
0.50205	7447	8350
0.4894	5655	6279
0.48105	4161	4543
0.5046	6576	7398
0.47205	1807	2005
0.51835	7163	8153
0.4985	6799	7584
0.49875	4602	5154
0.46735	3728	4108
0.477	5630	6217
0.48475	4660	5169
0.4827	4213	4647
0.49505	4791	5362
0.48145	5603	6210
0.4839	4305	4765
0.47835	3773	4164
0.4809	5192	5740
0.50305	5402	6052
0.4822	2533	2803
0.49525	6644	7432
0.5048	7031	7861
0.50045	7398	8277
0.4908	5853	6528
0.49095	5289	5921
0.48825	6124	6742
0.49175	4617	5137
0.50045	7124	7992
0.5098	7441	8405
0.5125	7353	8336
0.5032	7001	7840
0.4905	6049	6728
0.49185	6375	7083
0.48595	5087	5647
0.49355	6279	6980
0.49065	5659	6318
0.50155	6870	7760
0.494	5314	5894
0.50005	6913	7745
0.49	5132	5696
0.4749	4278	4703
0.4858	5276	5842
0.49655	6610	7352
0.47305	4326	4755
0.4899	3581	3989
0.49095	5369	5974
0.496	5865	6519
0.4931	4120	4637
0.50375	7310	8164
0.4808	3666	4057
0.50475	7356	8287
0.50425	6266	7068
0.4991	5560	6190
0.4983	6481	7297
0.5014	5947	6695
0.5026	6974	7830
0.4977	7119	7927
0.4771	3041	3377
0.51445	6921	7842
0.4917	6067	6774
0.50865	4611	5170
0.4981	6782	7580
0.5012	7009	7834
0.50325	5617	6333
0.49765	4566	5124
0.49455	5185	5802
0.50285	7204	8074
0.4955	6341	7088
0.4823	4602	5134
0.4995	6795	7585
0.4999	7253	8106
0.47365	4970	5472
0.47705	4433	4902
0.49425	5532	6157
0.4811	4427	4858
0.49865	7110	7937
0.4825	4032	4462
0.48155	4039	4450
0.5164	7732	8800
0.4783	4342	4778
0.48925	3999	4407
0.49145	3892	4314
0.505	6674	7519
0.5038	4726	5296
0.49385	4931	5525
0.5035	6449	7236
0.50545	7718	8697
0.4912	3563	3944
0.49435	6402	7131
0.4927	4407	4883
0.4927	5002	5572
0.4929	6165	6881
0.48195	4711	5211
0.48385	4021	4442
0.49295	4641	5186
0.51115	7743	8729
0.49085	5839	6510
0.49755	5943	6683
0.49015	4805	5363
0.46985	3406	3731
0.4767	4766	5253
0.46905	2699	2952
0.492	3976	4415
0.4984	6084	6786
0.48395	5038	5565
0.4962	6191	6905
0.5006	4456	4979
0.4855	5207	5778
0.4905	5992	6665
0.50035	6581	7410
0.49065	4091	4566
0.4927	4760	5330
0.48745	3119	3453
0.4797	2942	3252
0.48375	5867	6498
0.49835	5888	6586
0.486	2911	3223
0.51805	7649	8714
0.50345	7147	8039
0.48565	4963	5538
0.50505	7000	7870
0.48685	3432	3795
0.48335	5618	6224
0.4714	3684	4042
0.50415	6610	7409
0.49775	6005	6764
0.499	7373	8224
0.49795	4592	5169
0.49715	6177	6900
0.49835	5832	6587
0.49635	6354	7094
0.49485	5087	5685
0.4922	5982	6678
0.5007	6405	7220
0.505	7091	7976
0.4875	5323	5916
0.50135	4222	4739
0.48805	4795	5324
0.49195	3999	4467
0.48985	3641	4046
0.49815	4777	5321
0.4923	4121	4587
0.4954	5009	5593
0.5002	6149	6906
0.49385	4511	5011
0.49625	5809	6507
0.4869	5519	6183
0.48075	4126	4553
0.4863	4895	5420
0.49085	4587	5122
0.4829	4133	4580
0.4951	6098	6792
0.5068	6951	7788
0.48825	5290	5901
0.50335	6056	6781
0.4836	4262	4710
0.51565	6418	7301
0.4997	6474	7297
0.4967	6201	6903
0.4932	5484	6125
0.4831	4041	4479
0.4999	6418	7174
0.47855	4213	4634
0.51015	7167	8153
0.49855	7464	8383
0.49275	4781	5351
0.4977	5746	6429
0.50855	7133	8074
0.49275	3446	3855
0.49575	5513	6169
0.4938	5808	6497
0.5007	7161	8053
0.5062	5782	6534
0.50295	3446	3888
0.4969	5466	6124
0.4926	6243	6961
0.4996	6637	7472
0.4845	3292	3642
0.5107	5743	6527
0.49095	5129	5751
0.48345	5268	5865
0.4955	6438	7197
0.4992	7480	8348
0.5251	7856	8997
0.50235	5723	6462
0.4945	3829	4297
0.5028	7282	8162
0.4807	4269	4688
0.4884	5522	6163
0.50935	6705	7531
0.50645	7021	7980
0.48305	4394	4828
0.4992	5558	6184
0.49855	7085	7912
0.4885	3054	3418
0.49475	6896	7685
0.48735	6132	6812
0.48885	5837	6474
0.50615	5374	6042
0.5028	6442	7289
0.50225	6778	7589
0.5001	7325	8185
0.5053	5902	6635
0.49285	5694	6342
0.49605	5312	5947
0.49295	3917	4375
0.49165	5828	6508
0.47315	2885	3156
0.50955	7239	8231
0.4783	3714	4141
0.49315	5214	5819
0.50085	5537	6223
0.48505	5813	6431
0.4879	3626	4049
0.501	3472	3902
0.51045	7746	8737
0.4872	5139	5709
0.51935	7846	8959
0.495	5639	6306
0.5012	6497	7333
0.49855	7044	7807
0.4848	4511	5022
0.49535	6929	7698
0.4922	3928	4361
0.47965	2090	2302
0.49885	7024	7857
0.502	6649	7499
0.49135	5959	6579
0.4957	3964	4439
0.49505	5667	6340
0.4882	5330	5914
0.48055	5739	6339
0.48815	5545	6188
0.5048	7070	8014
0.4995	6623	7384
0.4888	5402	6005
0.48795	4527	5042
0.4965	5912	6624
0.4969	6954	7724
0.4812	3848	4277
0.49385	4625	5159
0.5033	6373	7137
0.4948	5759	6424
0.4847	5326	5910
0.4934	4595	5139
0.50685	5618	6361
0.50325	6220	6964
0.50695	7027	7971
0.4958	6490	7223
0.4931	4024	4474
0.49255	5617	6242
0.47375	2101	2297
0.5002	6866	7722
0.4854	5825	6453
0.4791	3361	3721
0.49375	5490	6079
0.48405	5811	6400
0.4819	2824	3141
0.49675	5233	5865
0.4955	6219	6945
0.5021	6149	6932
0.4941	6143	6908
0.49415	2753	3105
0.4948	3492	3883
0.50515	7005	7879
0.48525	5144	5694
0.49195	6289	6995
0.47405	5172	5691
0.493	5683	6328
0.50845	7470	8391
0.51125	6423	7296
0.50295	7308	8166
0.4963	6313	7022
0.4971	5965	6639
0.49495	3792	4282
0.487	4411	4922
0.49905	4088	4568
0.49425	6054	6742
0.51115	7341	8309
0.4923	6132	6813
0.4948	5041	5605
0.49215	5138	5713
0.48525	4428	4894
0.5001	6526	7333
0.50035	7030	7853
0.48965	6251	6938
0.4747	2943	3225
0.50855	6730	7601
0.48845	4579	5120
0.48855	5572	6184
0.5	5950	6638
0.4756	3283	3613
0.52785	8479	9739
0.4912	6041	6707
0.5001	6485	7270
0.51255	7665	8691
0.5037	6615	7432
0.49155	4891	5481
0.5126	7478	8477
0.4936	3424	3844
0.4868	4378	4858
0.49115	4252	4741
0.5005	5846	6534
0.4798	3544	3902
0.48505	3865	4272
0.5123	7483	8498
0.4801	5321	5875
0.4933	5589	6207
0.49345	6053	6754
0.49225	4565	5061
0.49115	4209	4699
0.4948	4311	4818
0.48445	4859	5410
0.49665	6009	6698
0.49715	5083	5723
0.5078	6343	7152
0.5014	6911	7779
0.49145	6690	7431
0.49195	4660	5187
0.48955	5026	5597
0.48615	5554	6191
0.4838	5924	6555
0.50125	6156	6931
0.4902	5202	5816
0.4832	4604	5109
0.5021	7027	7870
0.5015	3806	4268
0.49685	5667	6379
0.5063	7565	8456
0.50865	6207	7010
0.50075	6860	7687
0.49785	5320	5934
0.48525	5510	6106
0.50945	7854	8861
0.4839	5318	5901
0.51105	7558	8563
0.49505	6120	6888
0.4991	6621	7452
0.47315	2770	3094
0.4962	3543	3951
0.48335	3979	4412
0.508	3907	4372
0.495	7534	8401
0.49175	6110	6799
0.4957	5936	6622
0.5068	7258	8183
0.47635	3568	3921
0.5104	6608	7462
0.50795	7356	8264
0.50485	5823	6512
0.49455	4931	5477
0.5058	7591	8545
0.5	5876	6618
0.4908	2629	2932
0.5091	7703	8694
0.5027	6394	7183
0.49725	6921	7736
0.46885	2807	3075
0.50485	6812	7649
0.48415	5659	6215
0.48	3062	3347
0.5037	6820	7694
0.49195	3841	4266
0.4839	3567	3941
0.50405	6557	7405
0.4868	4985	5563
0.50205	5912	6622
0.5081	7438	8362
0.50275	7372	8266
0.53285	8485	9755
0.5012	5240	5870
0.49855	5597	6223
0.51245	7850	8837
0.4983	6965	7788
0.5003	4189	4683
0.50915	7186	8103
0.4834	4843	5362
0.4929	5762	6453
0.4965	3798	4248
0.5098	6894	7771
0.50085	7061	7959
0.4958	5130	5765
0.4893	5608	6199
0.51205	7117	8075
0.49165	4795	5343
0.51295	7923	8982
0.47025	1626	1788
0.4951	6271	7031
0.48525	4686	5187
0.50035	7410	8310
0.5038	6559	7358
0.4918	6348	7051
0.4926	5894	6558
0.4923	4850	5424
0.50045	7074	7951
0.51005	6902	7797
0.47795	3398	3759
0.50745	7268	8191
0.49195	4874	5440
0.49775	4575	5094
0.49135	2948	3274
0.4917	6501	7209
0.49445	5470	6147
0.49855	7221	8049
0.50475	7454	8358
0.4953	7075	7913
0.49235	5564	6181
0.4891	5997	6658
0.5018	6787	7637
0.5201	8065	9229
0.49255	5760	6410
0.4851	4136	4590
0.4896	4591	5137
0.49345	4919	5491
0.50365	7184	8054
0.49625	5925	6627
0.47825	2736	3036
0.5044	5682	6364
0.4945	6304	7099
0.48665	5516	6084
0.50235	6841	7681
0.49395	6153	6833
0.5078	5414	6042
0.5091	7612	8601
0.49055	4861	5425
0.4948	5112	5742
0.501	7261	8107
0.49875	6563	7321
0.509	7340	8271
0.5003	6692	7481
0.5084	6993	7896
0.48125	4669	5172
0.49345	5748	6435
0.4799	5198	5744
0.5065	4352	4934
0.47885	5512	6128
0.48595	4148	4592
0.50145	6110	6828
0.50355	6471	7256
0.4845	5043	5586
0.49395	6469	7171
0.50305	5498	6167
0.5053	6826	7713
0.49365	4975	5543
0.51785	6836	7797
0.50065	5552	6221
0.5002	4098	4618
0.4906	5356	5974
0.506	7336	8240
0.50205	7147	8054
0.48285	4501	4997
0.4935	3652	4081
0.4625	2255	2465
0.48945	5223	5834
0.4963	6616	7422
0.50265	3695	4150
0.49475	6968	7776
0.5011	5312	5999
0.50315	6102	6900
0.50595	7422	8362
0.5088	7435	8402
0.4885	5541	6192
0.49985	4523	5074
0.4748	3703	4068
0.49835	4980	5553
0.5045	7767	8712
0.50405	6845	7689
0.51615	7763	8802
0.4871	6125	6841
0.49125	3138	3505
0.4906	3705	4110
0.4997	6363	7145
0.47775	3317	3686
0.5027	7267	8183
0.48435	1769	1965
0.5005	5962	6707
0.47635	1866	2087
0.4897	4444	4943
0.484	3337	3690
0.48555	5607	6222
0.49835	5434	6097
0.4953	5393	6029
0.4917	5633	6303
0.485	5463	6043
0.49635	3111	3463
0.50225	6300	7031
0.49455	6282	7026
0.49335	6507	7306
0.50125	5176	5796
0.4772	1850	2035
0.5067	7594	8566
0.5081	7659	8624
0.5043	7249	8159
0.4789	4588	5049
0.4976	5758	6449
0.50685	5369	6027
0.49675	4962	5532
0.50325	5350	6021
0.48405	5744	6303
0.4943	5151	5747
0.4965	5463	6088
0.5074	7167	8130
0.50605	6425	7257
0.50655	6167	6974
0.4837	4344	4803
0.50795	7447	8355
0.4925	4325	4822
0.4692	3244	3566
0.48775	5876	6488
0.4975	5175	5786
0.48745	5704	6355
0.5031	6899	7719
0.4863	3428	3800
0.48685	4330	4828
0.4822	3065	3389
0.4858	4717	5254
0.48605	5544	6131
0.49995	5363	6045
0.50005	6244	6976
0.4993	6495	7296
0.48825	5337	5915
0.4903	2848	3176
0.49685	6913	7707
0.4979	6912	7749
0.46825	3147	3473
0.50205	7277	8162
0.4751	4794	5281
0.49125	5237	5842
0.50365	7087	8009
0.48925	6020	6723
0.47605	2658	2939
0.50085	6848	7673
0.5013	5766	6530
0.48885	4670	5194
0.4899	6041	6751
0.4845	5043	5584
0.4809	4697	5209
0.507	6961	7869
0.48555	4708	5185
0.497	3395	3806
0.48175	3351	3688
0.511	6808	7714
0.50555	5544	6214
0.48595	3992	4449
0.4906	3130	3499
0.50105	6341	7109
0.48835	5030	5616
0.49135	5289	5881
0.49365	4468	4989
0.50245	6975	7818
0.49575	6752	7532
0.48995	3359	3747
0.4987	6386	7139
0.50585	6853	7721
0.4709	3469	3762
0.491	6467	7181
0.4891	3808	4233
0.4985	6905	7762
0.5057	6563	7374
0.4856	4164	4632
0.48355	3237	3579
0.50965	7574	8563
0.50245	7425	8341
0.49645	4284	4814
0.4906	5528	6149
0.50385	7696	8633
0.4937	6166	6876
0.4981	6418	7174
0.4762	5627	6167
0.47735	2293	2559
0.4961	5762	6416
0.5034	2901	3240
0.50585	7302	8196
0.4786	3972	4369
0.50245	6966	7824
0.4913	4998	5577
0.50275	7379	8278
0.50775	5968	6764
0.4865	1947	2181
0.48905	3966	4398
0.5006	5944	6660
0.47225	3244	3574
0.50845	7578	8547
0.5231	7697	8812
0.4793	3153	3505
0.5049	7264	8183
0.49885	3668	4095
0.4929	5093	5734
0.4727	3489	3829
0.4925	3512	3897
0.49975	6813	7625
0.4826	5153	5701
0.5015	6683	7528
0.499	3110	3474
0.5059	7271	8178
0.4993	6206	6953
0.50745	6981	7846
0.4927	4841	5394
0.4995	6448	7225
0.5007	6970	7778
0.5088	5956	6724
0.48775	4795	5321
0.4805	5696	6305
0.493	4888	5448
0.4977	6171	6887
0.4948	7045	7793
0.4895	5365	5990
0.49385	6433	7156
0.4953	3261	3633
0.4904	5633	6272
0.4853	4075	4517
0.47405	3687	4054
0.5059	7629	8629
0.50745	6359	7152
0.50035	7043	7853
0.50295	7583	8510
0.4917	3917	4364
0.50125	4853	5484
0.47485	3884	4322
0.47505	4515	4979
0.48145	5936	6570
0.4793	5636	6229
0.4936	6362	7080
0.4807	4244	4677
0.4966	6275	7028
0.4861	5605	6223
0.49875	6912	7715
0.4968	4671	5223
0.4863	4332	4800
0.502	7178	8002
0.4833	4330	4839
0.4925	6022	6708
0.48325	2814	3104
0.4818	3177	3543
0.49235	5229	5810
0.49115	5029	5589
0.49655	5781	6462
0.5109	7253	8227
0.5029	5799	6547
0.49725	6542	7342
0.49315	6882	7672
0.4815	2328	2562
0.5005	5083	5751
0.49755	7075	7937
0.4822	5601	6244
0.51645	7864	8896
0.4959	7148	7971
0.48265	5187	5734
0.5052	6955	7781
0.49355	6400	7150
0.5086	7774	8773
0.4845	2181	2358
0.4951	5098	5700
0.49	6005	6705
0.4951	5816	6492
0.49065	5088	5664
0.49195	7236	8056
0.51695	7941	8981
0.5003	6986	7836
0.495	6757	7575
0.493	5812	6446
0.47615	5016	5501
0.47795	5541	6142
0.5013	7013	7897
0.4848	6602	7297
0.4969	2649	2981
0.5074	7596	8569
0.49235	4449	4957
0.48815	3782	4251
0.4744	4020	4405
0.4929	3796	4229
0.4927	5505	6153
0.50885	5842	6608
0.4971	7037	7849
0.4962	5944	6648
0.48905	6043	6690
0.4931	4175	4628
0.5001	5954	6670
0.49025	6462	7179
0.49185	4930	5512
0.48985	6508	7230
0.4945	6438	7186
0.4977	5088	5740
0.51045	3080	3467
0.49845	6485	7254
0.50255	5280	5919
0.4953	5459	6070
0.5012	6848	7680
0.48415	4816	5330
0.49565	5822	6510
0.48605	5343	5927
0.4935	5791	6441
0.4781	4683	5182
0.50775	4646	5200
0.49875	6663	7444
0.5094	7167	8111
0.5024	6596	7405
0.49145	6312	7025
0.48315	4311	4774
0.49785	6152	6908
0.5094	6798	7704
0.4851	4960	5535
0.4737	2589	2882
0.49605	3911	4422
0.50585	7356	8299
0.4879	4689	5168
0.5046	3137	3527
0.4884	4849	5406
0.48995	3169	3541
0.50015	6206	6933
0.4855	5568	6152
0.49515	5504	6123
0.49215	5204	5815
0.49335	7114	7969
0.4739	2272	2511
0.4805	3391	3743
0.49185	6128	6803
0.52335	8088	9199
0.4945	5618	6283
0.5055	7168	8093
0.50485	6849	7723
0.49	4831	5393
0.50835	7757	8736
0.4954	6404	7178
0.50745	5413	6101
0.4973	4031	4544
0.49755	5089	5702
0.49015	5551	6189
0.50805	6762	7653
0.49145	5134	5704
0.4874	5375	5950
0.48615	5095	5625
0.488	2971	3306
0.49635	5556	6204
0.4761	3583	3932
0.48565	5563	6181
0.4971	6792	7640
0.50865	7579	8484
0.49935	6468	7231
0.5028	6393	7191
0.49035	3418	3794
0.4947	6271	7011
0.4931	6237	6964
0.49035	5308	5881
0.50645	6687	7512
0.50095	6737	7595
0.50265	3651	4062
0.49685	6994	7855
0.48005	5323	5874
0.4897	4430	4917
0.5053	7341	8267
0.49775	7162	8014
0.499	6641	7457
0.49015	5294	5896
0.5031	7302	8217
0.4965	5937	6658
0.4878	3870	4319
0.50945	7179	8113
0.4824	3760	4166
0.48465	3408	3767
0.51655	7627	8664
0.50545	6083	6812
0.4884	5707	6343
0.488	5929	6599
0.4795	3926	4326
0.49075	4747	5262
0.50125	7103	7928
0.48735	6249	6954
0.4989	6082	6869
0.51465	7789	8815
0.50195	5626	6291
0.4888	5158	5758
0.4851	4048	4481
0.5011	6954	7826
0.49745	4711	5296
0.4609	2027	2229
0.4696	3531	3896
0.48655	3869	4335
0.51805	5759	6595
0.49645	6385	7144
0.4891	3288	3628
0.484	4588	5084
0.515	4523	5194
0.50425	6968	7845
0.48935	5232	5815
0.49735	3131	3524
0.49185	4424	4912
0.5053	7677	8638
0.4954	4771	5356
0.50155	7261	8114
0.4831	4536	5038
0.48945	5288	5890
0.4991	5889	6622
0.4966	5869	6611
0.4728	2671	2955
0.50225	7043	7950
0.4885	4922	5470
0.4878	3851	4292
0.4858	4306	4783
0.4961	4798	5340
0.48025	4547	5019
0.4997	6229	7001
0.4948	5774	6471
0.4772	3887	4298
0.4979	6467	7252
0.4995	7002	7864
0.4881	3668	4066
0.483	5939	6550
0.46205	3481	3804
0.49715	5165	5776
0.48625	5387	5961
0.50205	3515	3953
0.5031	6215	6984
0.48785	3574	4002
0.4895	3705	4123
0.47915	4749	5244
0.4998	6511	7279
0.48965	4227	4693
0.49955	4474	5013
0.49645	5434	6080
0.4934	7296	8133
0.49435	5634	6304
0.4988	5414	6066
0.5053	7361	8322
0.49255	5930	6628
0.5063	7321	8232
0.48745	5152	5733
0.5099	7400	8362
0.50075	6736	7566
0.4926	6659	7403
0.48375	5000	5558
0.48085	1836	2045
0.47675	1974	2193
0.49125	6176	6896
0.51325	7466	8460
0.47295	3835	4208
0.5112	7450	8413
0.49815	6331	7098
0.4949	6487	7217
0.486	5340	5916
0.49395	6488	7188
0.5075	6749	7621
0.5028	6255	7038
0.4983	6540	7319
0.5068	6287	7105
0.4791	3751	4126
0.48925	4311	4805
0.4998	6814	7624
0.49445	6804	7571
0.48935	3422	3781
0.49165	6520	7242
0.49115	5019	5605
0.48995	6400	7122
0.49775	5018	5616
0.5071	7186	8122
0.5079	7768	8740
0.49605	6111	6814
0.4861	4257	4721
0.48815	3625	3990
0.4973	5951	6694
0.4958	6066	6775
0.50585	6987	7852
0.4836	3259	3640
0.4817	4701	5210
0.50615	7205	8069
0.48715	2827	3151
0.4963	5665	6337
0.4876	5554	6163
0.4916	4373	4876
0.48605	5964	6591
0.4943	6693	7456
0.5181	6798	7760
0.5006	6948	7751
0.49175	6264	6956
0.4991	6059	6817
0.4904	5158	5773
0.49175	6337	7022
0.48795	3712	4107
0.49445	5838	6509
0.48355	5243	5770
0.50205	5422	6100
0.4991	6384	7126
0.49355	5889	6539
0.4859	2383	2648
0.49935	6819	7616
0.50625	7350	8323
0.51125	6880	7775
0.49535	6914	7759
0.4985	5308	5974
0.5017	2670	2984
0.48925	5865	6497
0.4854	4671	5201
0.49465	6696	7476
0.4902	5508	6138
0.4859	5643	6231
0.47525	4611	5055
0.4938	4963	5552
0.4983	6827	7645
0.4907	5662	6334
0.50405	6487	7328
0.46355	2281	2478
0.50355	6818	7618
0.4827	2530	2780
0.4959	5921	6632
0.4851	4547	5052
0.48745	5662	6285
0.48845	4881	5432
0.49755	5988	6748
0.4922	6176	6852
0.5211	7973	9123
0.4893	5883	6536
0.5156	7896	8934
0.50355	6872	7698
0.49275	5086	5688
0.47975	2538	2804
0.49465	4998	5575
0.4927	5971	6676
0.50965	7527	8486
0.4892	5649	6284
0.5024	6922	7699
0.4634	2577	2821
0.4881	4429	4928
0.48095	3405	3785
0.49675	6187	6954
0.502	3893	4349
0.4891	3989	4468
0.4874	4320	4774
0.4959	6820	7601
0.474	3284	3636
0.4779	4345	4767
0.4957	6061	6758
0.51645	7414	8411
0.4894	3174	3533
0.5002	5191	5827
0.4868	6018	6662
0.5039	6367	7145
0.49295	6209	6899
0.4944	6838	7611
0.48185	5134	5690
0.5076	7508	8437
0.4908	4544	5058
0.49285	6339	7084
0.4931	5833	6479
0.4862	2367	2607
0.4944	4796	5340
0.49205	4337	4838
0.4948	6420	7172
0.4819	3196	3542
0.5018	7208	8053
0.51375	7318	8345
0.48365	3281	3668
0.4938	6288	7024
0.4959	4720	5266
0.4951	6384	7141
0.4924	4465	4935
0.4969	6097	6835
0.48125	3508	3864
0.51055	7602	8604
0.4866	4584	5112
0.50595	5814	6546
0.4982	5523	6203
0.48695	5609	6240
0.4874	2799	3122
0.49875	5289	5953
0.5059	7168	8071
0.4895	6819	7572
0.49115	6438	7183
0.49595	6741	7514
0.4996	5583	6229
0.4844	4690	5171
0.5059	6433	7233
0.4935	5339	5966
0.50155	7047	7878
0.4969	5208	5837
0.49785	5103	5734
0.48975	5708	6332
0.5013	6335	7049
0.49485	3432	3846
0.50075	5424	6091
0.50285	7165	8070
0.50455	6779	7616
0.5092	7126	8037
0.5033	6995	7901
0.4934	4821	5367
0.4907	4358	4854
0.4841	5285	5855
0.49375	6932	7723
0.48385	4310	4750
0.5016	5899	6607
0.4741	3450	3785
0.4849	6022	6664
0.4944	6391	7122
0.50285	6941	7796
0.50925	7450	8409
0.49915	6837	7628
0.49995	7227	8051
0.4936	6428	7172
0.50645	6212	6976
0.50665	6678	7541
0.4925	5015	5612
0.4708	3849	4239
0.496	5303	5904
0.49465	6653	7443
0.47135	3648	4035
0.4789	4887	5386
0.5023	6996	7851
0.4964	5632	6288
0.494	6423	7176
0.5097	7242	8150
0.5123	7759	8830
0.50255	5628	6365
0.4904	4853	5362
0.50095	6469	7217
0.48665	5799	6431
0.51525	6508	7406
0.4957	5478	6113
0.4991	6842	7656
0.4946	5096	5694
0.4872	5427	6044
0.4767	2981	3265
0.48595	5538	6129
0.50535	5531	6213
0.50475	6324	7101
0.4964	6587	7390
0.4945	3026	3381
0.49165	6316	7035
0.4915	4117	4576
0.4994	6363	7138
0.4804	5040	5566
0.49635	6174	6933
0.4859	5593	6239
0.49205	3439	3830
0.49055	5965	6682
0.4861	5232	5793
0.50185	4622	5239
0.5118	6077	6901
0.4861	5879	6523
0.48965	4782	5306
0.49825	7017	7890
0.4966	5189	5790
0.51195	7080	8023
0.49535	4598	5113
0.4947	5064	5635
0.48035	3452	3808
0.49795	6663	7423
0.4734	2817	3106
0.4888	5373	5963
0.4987	7030	7820
0.5002	7845	8742
0.4952	6165	6912
0.502	5112	5743
0.49355	5846	6506
0.4928	6113	6776
0.5169	7183	8172
0.50525	7139	8047
0.5053	5684	6380
0.5021	7541	8455
0.5003	6425	7172
0.5165	7892	9034
0.49535	7238	8081
0.50945	7034	7934
0.5102	6559	7427
0.50195	6981	7839
0.497	4417	4883
0.50085	7057	7888
0.47315	4373	4837
0.49025	3720	4151
0.4996	6182	6944
0.5104	7542	8538
0.4945	6361	7139
0.4938	6985	7749
0.5062	6309	7130
0.50145	4436	4975
0.48375	3448	3819
0.50365	5383	6037
0.4757	3086	3389
0.4962	5915	6624
0.50055	4844	5420
0.49805	6212	6943
0.4919	3047	3395
0.51075	7583	8598
0.49925	5016	5629
0.49575	5871	6563
0.4904	3721	4154
0.51225	7289	8250
0.47435	2629	2864
0.49975	6491	7280
0.4861	5433	6007
0.5009	5295	5971
0.48365	3793	4237
0.49635	5255	5902
0.4899	6133	6841
0.50125	6433	7209
0.49985	6175	6897
0.5001	6178	6875
0.49365	6265	6990
0.5057	5733	6441
0.5048	6626	7432
0.49235	5607	6271
0.5079	7744	8757
0.48715	3563	3972
0.49715	5495	6113
0.49145	2689	2998
0.50585	6981	7902
0.48295	5665	6298
0.5024	5824	6568
0.4944	5947	6657
0.4998	6951	7759
0.48645	6885	7614
0.4914	3936	4352
0.49715	5996	6699
0.485	6529	7203
0.49575	4281	4765
0.5145	6332	7176
0.5068	6259	7057
0.489	4310	4764
0.48355	4455	4920
0.5109	7119	8067
0.5022	6956	7831
0.50135	6955	7789
0.49265	5715	6388
0.47545	4084	4504
0.49325	5469	6079
0.4972	3129	3496
0.49195	6512	7266
0.49825	6599	7392
0.4901	2460	2739
0.4735	3063	3359
0.4865	5455	6043
0.49525	2325	2598
0.4885	2842	3179
0.50375	6514	7345
0.50505	6793	7692
0.49475	6260	6982
0.49375	5688	6342
0.4795	2468	2703
0.50275	5556	6275
0.4982	6870	7697
0.48175	5420	5968
0.49955	7333	8203
0.48915	5910	6577
0.50115	7561	8466
0.4973	6837	7623
0.50555	6515	7315
0.49255	3591	3984
0.5042	7231	8135
0.4957	4950	5512
0.49225	6187	6893
0.51455	6913	7885
0.5017	4648	5241
0.4884	5754	6417
0.51335	8005	9076
0.49865	6340	7084
0.48465	5575	6173
0.49975	6683	7513
0.5064	7087	7989
0.4962	4722	5261
0.50315	6324	7126
0.49985	4373	4868
0.482	3568	3960
0.5053	4192	4734
0.5081	5140	5796
0.49545	6559	7341
0.49335	6285	7017
0.502	6859	7766
0.50875	6211	7069
0.50645	7284	8197
0.49785	6262	6995
0.4911	4655	5186
0.4735	2114	2336
0.50195	7407	8312
0.50015	7456	8364
0.50225	7352	8267
0.5103	6671	7504
0.4779	2542	2815
0.4935	5346	5977
0.48975	5767	6389
0.498	5434	6104
0.5101	7021	7922
0.49425	6817	7577
0.49425	5676	6357
0.48675	3604	4009
0.5061	6996	7857
0.5007	6153	6897
0.48205	4575	5057
0.48415	4666	5166
0.5028	6519	7327
0.50225	7227	8054
0.49185	3780	4212
0.4981	6739	7515
0.48775	5366	5942
0.4851	1725	1918
0.4834	4555	5035
0.5024	3795	4259
0.51715	7855	8943
0.47505	4141	4563
0.4918	5736	6375
0.48655	5635	6252
0.48995	5685	6351
0.49695	4439	4937
0.4907	5509	6117
0.4809	4876	5392
0.4909	5602	6237
0.4775	4575	5033
0.49335	4817	5379
0.50345	7159	8042
0.4996	6318	7152
0.4945	5205	5777
0.5	4439	4992
0.48705	4527	5022
0.48935	5111	5684
0.4937	3108	3496
0.49265	6225	6923
0.51165	6682	7585
0.47255	5079	5571
0.4888	4396	4888
0.50365	7204	8080
0.51355	7841	8868
0.4956	4520	5014
0.49525	4933	5534
0.49995	7033	7905
0.50485	6425	7199
0.5023	7149	7995
0.5054	6488	7305
0.4971	6404	7143
0.51455	7596	8621
0.4951	6005	6718
0.48435	1768	1988
0.51135	6590	7429
0.49145	6429	7197
0.5071	4615	5196
0.48695	3846	4232
0.47205	4315	4725
0.5049	7425	8371
0.50195	7174	8049
0.4865	4876	5418
0.5024	6465	7258
0.48015	4943	5494
0.4818	5026	5492
0.4874	5016	5567
0.48035	3342	3700
0.48985	5769	6362
0.47895	1710	1892
0.48205	4873	5389
0.494	4508	5030
0.5112	7495	8454
0.5035	7371	8289
0.49285	4979	5499
0.48705	2572	2876
0.4863	4970	5518
0.4996	5053	5659
0.49875	6319	7074
0.5124	7608	8637
0.50525	5715	6411
0.4914	4931	5483
0.4959	6056	6753
0.4893	3225	3600
0.48805	4894	5411
0.4933	5658	6341
0.47465	3144	3481
0.4809	2859	3177
0.48775	5123	5670
0.4954	3774	4209
0.492	3691	4136
0.4889	3134	3468
0.4931	6554	7307
0.5002	6030	6769
0.4857	4429	4909
0.50625	5402	6123
0.5114	6628	7484
0.49445	6118	6819
0.4938	5313	5900
0.5006	6518	7328
0.49005	5491	6086
0.4952	5258	5904
0.4854	4276	4749
0.4999	4687	5261
0.48565	2921	3218
0.48685	4335	4815
0.4903	5252	5885
0.5124	7369	8345
0.48225	3300	3648
0.49015	5310	5903
0.50055	5494	6143
0.49045	5577	6192
0.49705	6160	6900
0.49955	3600	4039
0.50085	6924	7778
0.49605	6164	6928
0.49035	7007	7785
0.49025	5448	6067
0.48005	3740	4118
0.5015	7556	8456
0.48225	3574	3951
0.49145	4828	5367
0.4991	6309	7084
0.5203	8057	9187
0.4857	5401	5991
0.49625	5979	6661
0.5135	6040	6872
0.48125	3336	3700
0.4871	4432	4942
0.4916	5067	5637
0.51115	7304	8284
0.47465	3253	3611
0.4888	4681	5200
0.49655	5644	6270
0.47245	3096	3413
0.50155	5825	6551
0.50005	6824	7664
0.4978	6728	7530
0.5015	4445	4977
0.50795	7527	8469
0.49635	3069	3443
0.48945	4334	4824
0.4812	5105	5608
0.4966	6563	7359
0.50575	6831	7687
0.49515	5433	6060
0.4831	3096	3412
0.4967	5456	6117
0.497	4821	5390
0.4997	5508	6184
0.49295	5112	5670
0.4929	6950	7720
0.4897	3880	4354
0.51095	7440	8366
0.50375	6425	7240
0.49935	6555	7317
0.49235	4925	5491
0.52175	8078	9180
0.48485	4039	4518
0.48085	4068	4478
0.5021	6935	7753
0.52255	7557	8662
0.49715	6563	7342
0.49845	6005	6723
0.4869	5838	6503
0.49995	6686	7476
0.4888	4844	5424
0.51615	7747	8730
0.4925	6176	6862
0.49855	6696	7509
0.48745	5917	6576
0.4994	4133	4655
0.4959	7053	7850
0.49685	5475	6095
0.49635	5947	6604
0.4904	5768	6426
0.494	5159	5763
0.5023	6578	7402
0.4956	6641	7381
0.4952	5520	6189
0.5013	6724	7508
0.48845	6076	6743
0.46505	3125	3414
0.4968	6326	7077
0.48615	2994	3339
0.50395	6679	7528
0.5146	7033	8002
0.4992	7384	8238
0.5005	4778	5361
0.48815	5440	6037
0.5033	7405	8291
0.4995	7056	7898
0.4968	5758	6454
0.5065	4849	5467
0.4874	4454	4933
0.51235	7418	8409
0.49865	7053	7840
0.49845	4027	4480
0.4904	3032	3391
0.49815	5929	6614
0.5019	6742	7568
0.47905	3348	3731
0.4982	6418	7146
0.4881	3623	4055
0.49115	3020	3367
0.4951	5870	6573
0.50095	6821	7662
0.49355	3434	3830
0.49305	7045	7887
0.4912	5326	5910
0.4907	5036	5589
0.4981	6013	6759
0.46505	1805	1985
0.4964	6236	6952
0.50815	7617	8614
0.48905	5749	6339
0.4977	6473	7216
0.47205	4975	5433
0.4961	5521	6181
0.4889	4153	4597
0.4892	3679	4055
0.50125	6865	7710
0.4874	4919	5435
0.47955	5091	5569
0.505	6938	7793
0.518	7961	9040
0.50975	7317	8270
0.5002	6275	7064
0.50935	7501	8477
0.49015	6476	7207
0.4963	6146	6885
0.50105	6329	7065
0.4687	2235	2454
0.48865	2488	2754
0.4926	6205	6919
0.50275	7191	8078
0.49095	3630	4042
0.50195	6532	7336
0.5012	5542	6229
0.4832	4511	5003
0.4883	4844	5409
0.47095	2917	3169
0.49045	5429	6038
0.49065	5178	5777
0.50575	7721	8675
0.5042	7071	7934
0.4905	5017	5618
0.47495	4999	5473
0.49485	5395	6009
0.48505	5626	6211
0.49765	5589	6227
0.499	6732	7552
0.47225	3761	4122
0.5022	7781	8696
0.4758	4102	4532
0.50035	5421	6096
0.48225	3446	3767
0.4664	2970	3232
0.50295	6241	7039
0.5107	7532	8500
0.50545	7212	8098
0.4917	6439	7157
0.50885	6796	7714
0.48305	3176	3535
0.48975	5550	6179
0.4681	2058	2258
0.50335	7120	8005
0.493	2930	3272
0.4974	5924	6633
0.48995	3757	4159
0.49185	4700	5240
0.49415	4745	5312
0.497	6758	7543
0.4902	5036	5617
0.49615	5703	6358
0.49865	6735	7557
0.4918	4129	4587
0.49195	5685	6383
0.5068	7192	8076
0.51315	7276	8237
0.4989	6578	7326
0.49025	4257	4731
0.50415	7439	8399
0.51145	6715	7566
0.48685	4111	4584
0.4944	6733	7512
0.49835	5060	5684
0.4798	2744	3019
0.5095	7373	8322
0.4931	3692	4106
0.46855	3886	4253
0.49105	4962	5516
0.4819	2776	3078
0.487	5533	6153
0.4942	4478	5002
0.48485	3074	3419
0.4988	6285	7091
0.5009	7357	8292
0.4971	6415	7227
0.49525	6105	6822
0.49135	5365	6010
0.4879	4639	5151
0.50695	6959	7845
0.49315	5738	6401
0.4784	4408	4896
0.4923	5508	6137
0.50105	5737	6452
0.48195	4345	4808
0.4985	6417	7213
0.51115	7141	8127
0.4989	6920	7730
0.4999	6195	6944
0.5172	7271	8267
0.49705	6686	7514
0.4902	4585	5105
0.47755	3815	4233
0.4929	5891	6579
0.4654	1793	1956
0.51395	7903	8930
0.4915	5704	6333
0.48765	4232	4713
0.49375	5053	5630
0.49785	6917	7728
0.4952	5496	6162
0.49645	6932	7699
0.4972	5528	6179
0.49055	6304	7019
0.49705	7086	7877
0.4925	3804	4270
0.50095	6346	7119
0.48605	3654	4043
0.5092	6244	7053
0.489	5136	5710
0.5116	7327	8311
0.50155	5411	6083
0.5026	4311	4860
0.4648	3419	3739
0.49125	5729	6353
0.49975	7138	7974
0.50135	4476	5001
0.4818	3790	4200
0.4992	5472	6133
0.46045	3114	3426
0.495	6344	7104
0.5027	6977	7828
0.4843	5666	6283
0.5017	4855	5468
0.5044	6029	6765
0.4919	4852	5418
0.5044	7028	7867
0.48925	3258	3610
0.4952	4909	5490
0.4985	6188	6945
0.49545	6755	7534
0.4736	3428	3765
0.49045	5745	6405
0.5041	7714	8633
0.51085	7012	7951
0.5077	7392	8336
0.4983	6395	7130
0.50095	6768	7578
0.4903	6283	6998
0.51165	6798	7710
0.4958	5160	5789
0.4997	6009	6764
0.49595	3975	4481
0.5064	5873	6598
0.4961	3887	4353
0.5008	6099	6847
0.48315	6023	6654
0.47445	3536	3898
0.5021	5239	5821
0.48675	4936	5447
0.50485	6890	7775
0.50285	6038	6778
0.51115	6739	7624
0.49795	7164	7981
0.49385	6496	7242
0.5008	6550	7322
0.473	4829	5304
0.48575	5939	6596
0.50335	5656	6377
0.5138	7513	8517
0.49045	6002	6702
0.50405	6808	7669
0.4998	7317	8200
0.4921	5728	6383
0.4958	6972	7764
0.50825	7607	8551
0.50765	5227	5883
0.49755	6037	6760
0.51325	7676	8683
0.49325	6733	7512
0.51325	5856	6682
0.5017	5680	6373
0.5026	7181	8085
0.48095	3273	3621
0.4641	2386	2614
0.4845	2810	3129
0.5051	7340	8222
0.50945	7526	8484
0.49775	5903	6588
0.4942	5719	6345
0.48555	4028	4439
0.45395	2048	2236
0.4925	6561	7343
0.50185	6611	7436
0.4913	5725	6376
0.4856	3680	4076
0.48955	4443	4944
0.49955	6557	7305
0.48935	5276	5858
0.49085	2502	2773
0.50155	6019	6770
0.4882	4770	5314
0.49265	5273	5884
0.5015	6002	6754
0.48725	5222	5804
0.48935	4832	5383
0.50535	7514	8442
0.48895	6265	6956
0.48705	5414	5990
0.5045	7075	7945
0.4899	4148	4625
0.49055	6756	7517
0.49825	6337	7098
0.49595	5178	5777
0.48055	2564	2826
0.4986	7078	7859
0.48295	5412	5940
0.4935	6338	7105
0.4705	2025	2254
0.49385	5210	5789
0.4956	4318	4814
0.4868	5651	6260
0.49445	6803	7596
0.50285	6332	7133
0.5039	6738	7578
0.49045	4868	5412
0.49125	5773	6424
0.4941	6324	7068
0.49025	5918	6577
0.4942	6124	6851
0.4868	5154	5718
0.49145	7068	7870
0.48665	6256	6947
0.49385	3213	3597
0.49695	6316	7024
0.4854	4114	4569
0.48755	3052	3377
0.48265	3672	4108
0.4816	4745	5231
0.50695	6663	7472
0.4961	6270	6963
0.49445	6017	6694
0.4889	4864	5402
0.47625	2389	2647
0.51335	7212	8162
0.48795	6286	6932
0.48795	3988	4450
0.5026	4806	5395
0.49355	5510	6145
0.4964	5887	6598
0.48245	3908	4319
0.51865	7028	8013
0.49405	6579	7326
0.4816	4926	5495
0.49945	7037	7859
0.5027	6675	7504
0.50665	6779	7643
0.47355	3697	4055
0.48275	5607	6216
0.49945	5786	6522
0.49965	6567	7342
0.5001	6410	7219
0.4901	5196	5796
0.49485	4949	5533
0.50645	6928	7810
0.48445	4222	4643
0.47375	3800	4176
0.4924	5134	5687
0.486	5221	5810
0.50455	5917	6652
0.5134	7426	8408
0.4962	6409	7184
0.4875	4159	4641
0.4911	3940	4371
0.49575	6526	7247
0.4935	5916	6562
0.48725	5235	5834
0.49095	5033	5637
0.499	5177	5798
0.4979	6366	7142
0.48125	4871	5411
0.4879	5204	5760
0.4938	6108	6818
0.50015	5671	6354
0.4856	4315	4794
0.4939	6799	7576
0.47985	3582	3958
0.4965	5704	6368
0.50265	6766	7605
0.49355	5761	6466
0.51255	7684	8698
0.4965	7090	7918
0.49765	5642	6285
0.49575	7024	7814
0.4696	2017	2193
0.4975	5748	6424
0.49005	4894	5440
0.5005	6720	7480
0.4926	4010	4418
0.49895	5298	5893
0.5002	6587	7394
0.4978	6260	7002
0.5005	4573	5136
0.4904	4453	4979
0.48935	2821	3121
0.491	5612	6257
0.51705	8208	9323
0.49385	5064	5670
0.5082	6705	7575
0.506	7334	8260
0.482	3446	3803
0.4834	4515	4963
0.49435	6902	7686
0.4876	5732	6368
0.48415	4626	5136
0.4987	6310	7054
0.48995	3853	4232
0.51135	7615	8633
0.48465	2578	2860
0.4966	3620	4028
0.494	5531	6165
0.48365	5000	5521
0.4917	5375	6007
0.49435	4747	5311
0.4861	5458	6021
0.50375	6556	7358
0.48605	6197	6872
0.50745	6595	7423
0.4957	4411	4899
0.48795	5540	6158
0.502	6638	7478
0.5012	7034	7909
0.48415	4110	4559
0.4978	3901	4396
0.5101	7514	8474
0.4799	2013	2207
0.4984	5600	6278
0.50665	6879	7715
0.48805	3417	3818
0.4959	5886	6636
0.49175	5905	6610
0.4952	5128	5737
0.49155	6599	7327
0.4962	6567	7362
0.5122	7471	8415
0.49495	5725	6369
0.4953	6483	7237
0.49655	6909	7700
0.4918	6354	7066
0.49135	4629	5201
0.5102	6502	7330
0.4895	4940	5489
0.4761	3489	3886
0.509	7704	8658
0.4881	4238	4736
0.48185	4199	4629
0.4895	4438	4930
0.4951	6946	7768
0.5023	5782	6472
0.4893	5730	6366
0.496	7127	7987
0.50575	7158	8072
0.4806	3342	3710
0.4916	5138	5746
0.4942	3337	3743
0.4962	4674	5255
0.4836	4978	5488
0.49065	5490	6115
0.49545	6424	7191
0.50565	7220	8129
0.49575	6035	6719
0.4787	2319	2543
0.47895	3365	3727
0.50905	6752	7621
0.4866	3366	3744
0.49885	5366	5998
0.5029	5745	6485
0.4948	6903	7686
0.48895	4694	5242
0.4853	3816	4226
0.50615	6799	7676
0.50025	5165	5809
0.49275	5816	6486
0.50205	7057	7886
0.50585	7692	8624
0.49075	5306	5926
0.4983	6127	6887
0.50715	5446	6167
0.48375	4859	5389
0.48955	5840	6496
0.48285	4788	5328
0.4891	3870	4337
0.4972	4833	5403
0.5079	7371	8310
0.49525	6059	6751
0.4992	4936	5541
0.4937	5743	6433
0.483	4432	4895
0.4951	5453	6056
0.49305	5223	5787
0.491	5889	6561
0.50085	5685	6390
0.50735	7417	8334
0.4941	5519	6171
0.48495	3955	4378
0.4939	6321	7041
0.51015	7303	8270
0.49415	5870	6552
0.4958	6346	7120
0.49745	6709	7525
0.49165	5415	6005
0.4982	7409	8258
0.5018	4741	5332
0.5035	5827	6552
0.4904	5309	5941
0.4972	6674	7493
0.50495	6302	7059
0.48795	4222	4656
0.49235	6255	6942
0.48715	4386	4879
0.5009	5184	5840
0.4818	4100	4569
0.5015	6510	7319
0.50895	7019	7927
0.46935	2060	2269
0.50035	6215	6977
0.49445	6465	7251
0.48125	5434	6020
0.49195	4808	5353
0.48275	5714	6301
0.5048	6205	6990
0.4765	4977	5469
0.4856	5372	5949
0.51005	7439	8421
0.4878	3487	3882
0.50125	4987	5580
0.51215	7908	8925
0.50625	7278	8174
0.4826	3745	4146
0.486	6408	7091
0.4841	4599	5124
0.50465	7375	8291
0.48635	5979	6627
0.48465	4622	5114
0.4943	6501	7273
0.48155	5397	5974
0.49795	5655	6374
0.4906	5698	6330
0.49805	6986	7796
0.49725	6786	7630
0.49775	6557	7329
0.4849	3941	4350
0.49285	6116	6804
0.47555	3951	4364
0.5075	6596	7435
0.4856	2336	2567
0.4896	3695	4088
0.49585	5995	6708
0.5161	7351	8352
0.4801	4353	4779
0.49585	7147	7978
0.50375	5603	6313
0.5033	7182	8108
0.51195	4248	4809
0.4932	5629	6320
0.5001	4891	5491
0.50385	6051	6800
0.4913	6751	7530
0.5137	7703	8745
0.4954	7229	8065
0.49055	5332	5951
0.5001	6896	7736
0.5099	7354	8299
0.49845	4471	5007
0.503	6599	7448
0.49465	5911	6569
0.4868	3593	3976
0.492	5488	6148
0.5037	7153	8015
0.47995	5587	6160
0.5004	6332	7096
0.4965	6290	7056
0.50115	5449	6089
0.49305	5271	5863
0.4969	6725	7527
0.49425	5061	5648
0.5024	5311	6003
0.51115	7201	8161
0.49745	5684	6342
0.4777	4126	4525
0.4831	4129	4569
0.49385	4734	5280
0.4915	5910	6576
0.49275	4805	5378
0.48425	4716	5244
0.49185	4858	5448
0.4936	7089	7911
0.48455	5531	6140
0.49185	5421	6032
0.48325	4504	5018
0.49805	6182	6906
0.4854	6390	7080
0.48775	5460	6046
0.4991	6549	7316
0.49605	5326	5940
0.491	3822	4262
0.49705	6845	7632
0.49625	6212	6963
0.521	7773	8889
0.49105	6576	7320
0.511	6970	7883
0.4898	4076	4517
0.4781	2686	2970
0.4996	5548	6179
0.4795	5485	6030
0.49285	5538	6185
0.5094	7537	8489
0.49435	5445	6071
0.49515	3399	3836
0.4797	3701	4094
0.49785	7009	7797
0.49115	5869	6519
0.4895	6035	6708
0.5002	4549	5111
0.49865	5969	6669
0.5076	6979	7889
0.49135	2937	3266
0.4911	4893	5404
0.4979	6100	6797
0.48175	2857	3171
0.48295	3603	3988
0.4876	2709	3036
0.4846	3059	3409
0.4859	5964	6635
0.4862	4485	4989
0.5042	7515	8477
0.4891	4830	5411
0.48695	6068	6745
0.4937	4451	4969
0.5025	7135	8031
0.4919	5401	6020
0.4882	4779	5306
0.4987	5177	5778
0.49165	6862	7619
0.5032	6991	7871
0.47865	5584	6156
0.48385	3504	3846
0.48735	5421	6039
0.4959	5703	6352
0.49115	6227	6929
0.492	4424	4927
0.49815	5741	6445
0.48325	4967	5462
0.4799	4988	5505
0.4911	4372	4854
0.49275	5952	6672
0.51145	7369	8297
0.50305	7503	8377
0.491	6415	7142
0.49025	4164	4620
0.4895	5596	6231
0.4937	6401	7132
0.4791	4696	5167
0.496	7362	8225
0.49675	6877	7695
0.4973	5771	6483
0.48605	4893	5433
0.49815	6978	7757
0.4931	5700	6338
0.49725	5727	6377
0.50375	6994	7823
0.49615	5998	6700
0.4932	6270	6958
0.4775	3963	4369
0.5006	5784	6480
0.49025	5336	5931
0.49555	7025	7824
0.4943	6459	7206
0.5084	6434	7226
0.491	5363	5955
0.4838	4853	5374
0.50365	5504	6180
0.48175	4015	4442
0.5014	6559	7373
0.49825	4471	5008
0.49135	6057	6706
0.4914	3771	4206
0.50795	6319	7143
0.48745	4897	5411
0.4993	6502	7283
0.49275	5192	5804
0.4998	5355	6005
0.50635	6023	6747
0.49185	5180	5738
0.50015	6484	7253
0.4953	6109	6837
0.48785	5452	6038
0.49365	5190	5779
0.4863	4746	5238
0.4879	5108	5678
0.49045	2319	2577
0.48755	5981	6642
0.50005	5102	5700
0.4883	5816	6446
0.49795	6705	7524
0.47435	3441	3793
0.48595	4009	4462
0.5039	6431	7262
0.4847	5924	6543
0.49215	6400	7153
0.4991	6621	7416
0.47925	5298	5877
0.50235	7040	7918
0.4811	2334	2584
0.52035	7508	8584
0.5044	6787	7593
0.4882	6918	7661
0.48045	4746	5243
0.4969	6630	7376
0.48215	4364	4840
0.50015	7079	7917
0.50115	5068	5712
0.49185	6462	7182
0.5	6333	7095
0.4902	5496	6125
0.47925	3557	3961
0.51045	7605	8625
0.4957	7228	8095
0.5038	6458	7248
0.4975	6626	7412
0.5038	5089	5725
0.48795	5713	6339
0.4824	4632	5117
0.4878	5356	5950
0.5095	5489	6250
0.4949	6918	7692
0.49565	3143	3509
0.49115	5015	5643
0.50085	6255	7029
0.4924	5855	6513
0.4892	5124	5675
0.4996	6206	6987
0.5088	7576	8529
0.48985	5287	5890
0.5074	7299	8263
0.49835	5778	6514
0.4828	3359	3758
0.5164	6896	7828
0.4774	3820	4226
0.4972	1894	2111
0.49535	4680	5222
0.488	5430	6007
0.49315	5571	6204
0.49085	5847	6494
0.4902	3740	4164
0.51965	7950	9063
0.49235	6404	7130
0.49895	6399	7196
0.5021	6173	6963
0.48685	5045	5594
0.4955	5750	6410
0.48405	2994	3338
0.49985	6250	7044
0.4736	2958	3245
0.48725	6805	7539
0.48815	5805	6425
0.5182	7710	8804
0.49325	5508	6128
0.48745	4795	5281
0.49965	6286	7063
0.4918	5657	6304
0.4906	5447	6054
0.4938	6093	6832
0.4933	6048	6729
0.49855	5893	6601
0.50135	6550	7366
0.48345	3231	3556
0.50805	6441	7260
0.4919	6600	7369
0.491	6974	7766
0.4798	3964	4371
0.48865	6724	7474
0.4935	6242	6961
0.507	6816	7689
0.47885	2608	2894
0.4942	6734	7495
0.50705	7597	8563
0.48925	5281	5884
0.49395	6859	7640
0.50825	7388	8342
0.49525	4467	4992
0.4978	6515	7285
0.4966	6227	6922
0.47705	4933	5431
0.49335	4903	5438
0.49545	6678	7491
0.48955	5911	6582
0.50545	7141	8085
0.4935	6769	7593
0.49565	6324	7037
0.4975	6225	7015
0.49005	5446	6075
0.49395	6240	6949
0.5042	6518	7348
0.50825	6926	7830
0.49965	7036	7856
0.5019	5412	6079
0.49835	6190	6916
0.4904	5102	5684
0.50485	7024	7914
0.49275	6600	7337
0.50205	4844	5452
0.4814	3458	3843
0.49395	5433	6081
0.4981	5267	5882
0.4968	5737	6422
0.51995	7461	8541
0.48315	2707	3031
0.48785	4669	5217
0.49415	6506	7270
0.497	6383	7133
0.49215	5502	6160
0.49405	6735	7504
0.50695	7313	8224
0.5052	4418	4973
0.4979	5551	6195
0.51145	7671	8709
0.5014	3108	3489
0.48965	5214	5787
0.48435	6565	7243
0.4954	5087	5660
0.50215	5096	5717
0.50085	6930	7764
0.4823	6096	6726
0.48065	4048	4480
0.5018	6332	7158
0.50165	6939	7789
0.51325	7675	8682
0.4955	5700	6373
0.49695	5438	6098
0.49945	5687	6387
0.51485	7658	8688
0.4967	6870	7730
0.4877	6067	6699
0.50445	6542	7368
0.50155	7468	8355
0.506	3628	4082
0.4928	5937	6626
0.50475	7076	7996
0.49	3164	3527
0.49695	4012	4459
0.4816	3180	3527
0.49375	2642	2940
0.4801	5195	5767
0.50055	6339	7081
0.486	4854	5363
0.50915	5695	6492
0.5017	6812	7620
0.47195	3580	3914
0.5102	7057	7980
0.49745	5926	6617
0.50455	7529	8482
0.49775	5488	6119
0.49705	6832	7614
0.4795	2556	2784
0.49955	5818	6546
0.50455	7418	8364
0.50685	7297	8238
0.48805	3289	3679
0.51055	7370	8339
0.4965	4299	4824
0.4935	5975	6649
0.48305	3299	3676
0.4921	5772	6420
0.50415	6821	7652
0.49935	6357	7125
0.47225	3324	3677
0.519	8040	9143
0.4897	5725	6381
0.49735	5150	5769
0.5032	5989	6734
0.4992	6254	6963
0.50375	5696	6383
0.52105	7690	8775
0.48715	5444	6031
0.48735	4636	5162
0.4835	4663	5176
0.50335	6829	7742
0.4873	5004	5558
0.50605	7483	8395
0.48605	5819	6498
0.484	2534	2813
0.5029	7319	8185
0.49845	6533	7311
0.4974	6165	6909
0.4922	5894	6574
0.4911	5770	6436
0.48975	5219	5814
0.49325	6199	6880
0.48535	3924	4359
0.51495	7261	8219
0.4982	5978	6713
0.49555	5577	6176
0.49885	7394	8266
0.4842	2079	2301
0.49205	6577	7312
0.4864	5743	6363
0.50015	5093	5703
0.50085	5742	6454
0.49855	6188	6927
0.48	1572	1743
0.50575	7090	8016
0.4945	5758	6420
0.4993	6374	7121
0.4969	5239	5840
0.49405	6370	7119
0.5012	5795	6520
0.5041	6329	7153
0.49685	6690	7486
0.4927	5335	5980
0.50205	7223	8094
0.4889	5577	6227
0.4943	6204	6925
0.46255	2174	2351
0.49425	5688	6344
0.5015	7306	8194
0.4997	6897	7758
0.49685	6261	7043
0.49245	5070	5664
0.49225	5777	6419
0.5077	5736	6510
0.4908	3245	3664
0.48655	5497	6134
0.4898	4202	4698
0.4976	5515	6172
0.49925	6177	6877
0.50085	6835	7657
0.4919	6066	6758
0.4982	5110	5687
0.48245	3100	3467
0.49585	4669	5221
0.5217	7951	9066
0.4939	4711	5242
0.49855	3284	3652
0.4938	6302	7005
0.4986	4787	5321
0.50285	6765	7570
0.50455	6939	7800
0.4995	6410	7152
0.4912	3188	3521
0.48455	6258	6886
0.48475	4010	4472
0.5115	7706	8709
0.5	5593	6258
0.49035	3451	3848
0.4928	3608	4012
0.49525	5993	6690
0.4814	3005	3342
0.49585	6025	6744
0.51205	6471	7316
0.50085	3878	4347
0.49555	5600	6252
0.50125	6101	6822
0.49995	7020	7843
0.505	6281	7083
0.48925	4562	5089
0.4987	5723	6430
0.4817	4540	5037
0.48935	7078	7826
0.50015	6534	7316
0.49315	6528	7284
0.5027	6100	6826
0.49945	6337	7141
0.4848	5022	5546
0.484	3307	3693
0.4947	7180	7967
0.48605	6100	6764
0.4984	6261	7011
0.50915	6982	7863
0.4988	6212	6957
0.48165	4476	4939
0.4933	5340	5923
0.50905	6431	7256
0.4912	6574	7326
0.49845	5113	5711
0.488	4303	4806
0.4907	4421	4949
0.5093	7331	8303
0.4967	6555	7303
0.494	2564	2848
0.4836	4867	5404
0.4853	5287	5888
0.487	3273	3628
0.487	3229	3587
0.50705	6921	7798
0.4599	1989	2187
0.51125	7099	7985
0.4919	6093	6785
0.49555	5855	6542
0.4932	6969	7804
0.48835	5656	6256
0.4805	3664	4052
0.50735	6996	7856
0.5034	6482	7331
0.4879	2649	2948
0.48525	2938	3239
0.49595	6390	7140
0.5001	7089	7909
0.49725	4693	5236
0.5024	7203	8060
0.49505	6309	7020
0.4809	3520	3898
0.50415	7322	8242
0.46645	2046	2253
0.49065	6551	7264
0.47755	2687	3004
0.48445	3056	3371
0.4996	6253	7025
0.5021	7202	8102
0.49005	5499	6106
0.4777	5224	5739
0.5039	6198	6933
0.5072	7503	8455
0.5007	5432	6086
0.49685	6485	7285
0.49255	5197	5804
0.48675	5952	6617
0.4879	5005	5573
0.48825	3878	4315
0.4892	5492	6108
0.50605	6905	7765
0.50655	7377	8281
0.49635	5954	6694
0.4997	6558	7329
0.48455	6336	7012
0.50255	6987	7820
0.5013	7223	8108
0.50605	6759	7607
0.5072	7671	8648
0.4906	3219	3560
0.5013	6491	7282
0.50265	7208	8088
0.4931	4397	4907
0.50655	4869	5479
0.49245	3720	4179
0.48665	2078	2312
0.4932	6057	6756
0.49715	5744	6433
0.4779	3429	3801
0.48295	3754	4166
0.519	7674	8728
0.4911	2820	3140
0.48445	3811	4254
0.48535	4277	4729
0.482	5523	6108
0.5013	6199	6973
0.4998	6707	7485
0.49095	5120	5712
0.4996	4602	5129
0.49775	6296	7038
0.47905	3328	3651
0.49595	5256	5904
0.5081	7282	8215
0.5002	5849	6551
0.4917	5869	6513
0.48455	3583	3950
0.5002	2804	3156
0.50025	6199	6970
0.50845	7419	8391
0.4998	5658	6384
0.51235	7650	8630
0.4876	4309	4791
0.4864	4881	5408
0.49485	5279	5878
0.51015	7584	8560
0.5048	6075	6886
0.4897	4494	4980
0.4877	1914	2128
0.49645	6180	6893
0.49085	5210	5805
0.5117	7294	8266
0.5057	6893	7738
0.47945	3063	3380
0.48995	4982	5543
0.5009	6196	6925
0.49565	6749	7539
0.47205	4148	4522
0.5025	7342	8213
0.4958	6221	6940
0.50085	6618	7425
0.51435	7238	8217
0.51325	6965	7901
0.50055	5795	6523
0.5022	5515	6208
0.5026	6623	7436
0.5067	6991	7852
0.4917	5502	6155
0.4937	6659	7417
0.521	8179	9307
0.49575	4584	5084
0.5015	5140	5806
0.48845	5431	6063
0.5017	6950	7786
0.497	3229	3601
0.50495	7702	8627
0.4977	5723	6371
0.4952	6736	7520
0.48815	5414	6048
0.48785	4640	5176
0.50185	6755	7565
0.479	3106	3400
0.5009	6120	6868
0.50135	7335	8217
0.5044	7103	7960
0.48735	3198	3551
0.49835	6238	6976
0.51215	6307	7111
0.507	7460	8418
0.48805	5795	6476
0.50005	5113	5728
0.4891	4101	4543
0.4994	6590	7354
0.47195	2686	2959
0.4706	3529	3875
0.5022	7029	7884
0.4971	6801	7593
0.50075	4572	5151
0.49745	5583	6250
0.4809	4380	4872
0.49715	4301	4826
0.50095	5611	6272
0.49185	6714	7476
0.5012	6286	7075
0.49655	4748	5312
0.50095	6713	7530
0.48855	4510	5026
0.48835	5372	5976
0.50695	7229	8161
0.50455	6225	7011
0.5097	7571	8573
0.4976	5384	5971
0.48855	4755	5279
0.5056	5498	6200
0.48685	5255	5808
0.4827	3786	4206
0.4718	2438	2679
0.5061	7180	8101
0.48095	4084	4512
0.4967	5642	6276
0.509	7465	8411
0.4889	3322	3697
0.4831	5622	6191
0.49155	6265	7031
0.50415	7790	8740
0.49515	6941	7718
0.4997	6451	7211
0.49815	5033	5625
0.5057	5600	6340
0.486	4497	4945
0.49135	3945	4421
0.4906	6754	7487
0.49435	6611	7379
0.5171	7979	9076
0.49065	3383	3732
0.4917	5372	5966
0.5067	6584	7431
0.496	5897	6584
0.49775	6747	7544
0.48755	5080	5620
0.49725	6787	7609
0.5114	5168	5839
0.5129	7383	8361
0.50615	6964	7876
0.48085	3506	3884
0.5016	6138	6890
0.516	7602	8689
0.4867	4578	5074
0.5021	6349	7153
0.4931	4276	4739
0.51865	7634	8662
0.50975	7341	8297
0.50445	6072	6782
0.5033	7047	7939
0.50515	7306	8208
0.50845	6508	7316
0.4757	2516	2757
0.506	6497	7334
0.49225	5745	6422
0.50815	6111	6902
0.4957	6408	7161
0.4948	5263	5893
0.4909	5240	5830
0.49725	5165	5768
0.5085	6860	7743
0.4919	7260	8037
0.4934	4673	5212
0.4951	5935	6634
0.4893	5073	5676
0.49205	7226	8021
0.49335	5512	6148
0.48995	6203	6901
0.5052	6008	6750
0.48385	2166	2384
0.48555	2797	3115
