#{"length":100,"ensemble_size":5000,"signature":"sq_lattice_bond_percolation__periodic_","delimiter":"	"}
#data at critical occupation probability or pc
#<pc><sites in wrapping cluster><bonds in wrapping cluster>
0.46495	2834	3079
0.4908	5913	6585
0.50805	3204	3619
0.49225	5682	6363
0.515	7785	8793
0.48835	6295	6984
0.4983	6081	6831
0.4909	5367	6018
0.50975	6314	7126
0.4924	5681	6341
0.4797	5070	5607
0.49535	4659	5230
0.4994	5392	6055
0.48105	5110	5640
0.4933	6509	7288
0.4771	4811	5343
0.48995	4772	5345
0.4784	5529	6079
0.47475	4077	4477
0.5102	7135	8013
0.4913	5063	5603
0.5066	5980	6735
0.50595	6702	7559
0.49545	4505	5068
0.48525	4200	4701
0.5029	7229	8118
0.49245	6255	6929
0.5029	7116	7981
0.48435	4438	4914
0.49525	3311	3695
0.49695	4038	4527
0.4968	6773	7558
0.49835	6002	6674
0.47805	4149	4573
0.48775	6098	6782
0.4952	5084	5697
0.50505	6804	7687
0.49195	6294	7002
0.47835	3431	3802
0.4762	3984	4386
0.4914	5708	6373
0.5088	6745	7605
0.51605	7484	8493
0.4994	6614	7409
0.48045	2848	3170
0.4989	6530	7320
0.5076	7095	7976
0.4961	6370	7102
0.4966	6376	7156
0.4834	6292	6951
0.48935	4994	5552
0.4859	5919	6547
0.50725	7261	8232
0.4728	2537	2804
0.4945	6082	6789
0.48095	5324	5845
0.4905	6055	6736
0.497	6606	7405
0.50525	7352	8270
0.5037	6617	7430
0.48545	6346	7039
0.49275	3349	3758
0.49375	6544	7278
0.49715	6379	7161
0.48855	5775	6432
0.48705	5803	6415
0.4908	5951	6663
0.49	6707	7428
0.4886	5602	6189
0.4891	5722	6315
0.5002	6469	7280
0.4897	5857	6527
0.49255	4458	5021
0.48325	4600	5067
0.4959	6777	7572
0.49485	6398	7140
0.50635	6847	7682
0.48815	4301	4768
0.4945	6342	7088
0.49595	6862	7649
0.50735	6914	7796
0.4937	5509	6141
0.48945	5766	6388
0.50625	7071	7985
0.49035	5525	6159
0.48375	2736	3037
0.4757	2417	2637
0.48755	5182	5787
0.49865	6529	7318
0.50055	6619	7379
0.4895	4525	5035
0.48255	5710	6300
0.4922	5979	6651
0.48575	5939	6582
0.4897	3582	3985
0.50005	6636	7443
0.49805	6230	6979
0.4812	2258	2504
0.49215	5726	6374
0.5106	7402	8387
0.49815	5675	6353
0.4971	6470	7228
0.503	7345	8265
0.5016	6989	7870
0.4798	6580	7247
0.50875	7608	8605
0.5138	7638	8665
0.50985	6849	7788
0.5037	7513	8406
0.5226	7909	9061
0.4985	6202	6923
0.5027	7416	8313
0.5126	7108	8046
0.49035	5772	6419
0.47405	3748	4145
0.4823	3986	4385
0.50185	5762	6447
0.501	7136	8018
0.50435	4755	5326
0.51225	7745	8770
0.4965	3373	3768
0.4909	4482	4982
0.50255	7147	8039
0.50365	7639	8573
0.48375	4459	4964
0.4863	4336	4754
0.4861	5091	5666
0.4936	6508	7255
0.4883	6096	6736
0.48105	5078	5605
0.4965	4085	4588
0.5105	7861	8908
0.4932	6231	6922
0.4979	6327	7152
0.5022	7604	8547
0.50215	7098	7975
0.4877	6707	7452
0.50215	4640	5239
0.48645	5106	5684
0.49775	6480	7244
0.48995	3202	3557
0.50285	5336	6024
0.4869	5154	5729
0.48895	4661	5159
0.498	6027	6736
0.49195	6311	7015
0.5175	7179	8201
0.50295	7150	8036
0.513	7605	8609
0.4976	5672	6345
0.4923	5857	6506
0.4987	6810	7604
0.4982	6034	6741
0.473	4854	5306
0.49495	5406	6051
0.5056	7263	8177
0.49805	5558	6229
0.5013	6303	7022
0.49775	4072	4557
0.49855	5108	5704
0.4995	6300	7047
0.4924	6155	6875
0.5007	7125	7985
0.48945	4921	5461
0.48205	4253	4719
0.50445	6636	7454
0.49785	6202	6931
0.5012	6398	7195
0.491	6456	7144
0.4907	5912	6575
0.49555	6512	7289
0.49925	6280	7030
0.48865	3829	4230
0.50645	7254	8129
0.49785	5879	6586
0.48465	5512	6080
0.47215	2123	2327
0.4988	6405	7174
0.47365	4892	5377
0.48775	4061	4508
0.49855	5816	6508
0.48905	4469	4934
0.4836	3949	4417
0.4971	3535	3958
0.5098	7659	8624
0.4982	5736	6436
0.48795	5050	5626
0.50535	5746	6490
0.4805	2647	2926
0.4963	5350	5979
0.4845	3340	3697
0.4956	6297	7066
0.49165	5254	5842
0.4885	6314	6998
0.5091	5874	6636
0.48725	3655	4064
0.48015	5686	6291
0.4836	4708	5230
0.4736	3506	3850
0.4962	7054	7892
0.51025	7166	8086
0.49855	6319	7116
0.49245	4945	5527
0.50495	6279	7062
0.4841	5488	6079
0.49255	5874	6500
0.4736	1450	1604
0.48335	6181	6785
0.50895	6110	6873
0.49735	5862	6565
0.487	5487	6102
0.49955	5767	6478
0.4968	6106	6818
0.4999	6790	7585
0.47885	2448	2736
0.50565	6832	7683
0.5143	7626	8638
0.49	6036	6719
0.4801	5090	5627
0.49655	6531	7250
0.5059	5873	6633
0.5012	5588	6310
0.4933	3992	4477
0.4891	4058	4504
0.4829	2833	3140
0.49895	3534	3927
0.4977	4449	4990
0.47665	1979	2202
0.50125	7159	8038
0.4947	6814	7616
0.5049	5268	5912
0.49165	5769	6381
0.50515	7039	7891
0.4926	6820	7603
0.49845	5935	6651
0.49565	5484	6136
0.4879	4971	5560
0.49315	6345	7086
0.49105	6851	7640
0.48425	4592	5094
0.49385	6774	7550
0.5064	6717	7596
0.4948	2276	2524
0.5066	5592	6313
0.4846	3217	3567
0.4942	5259	5881
0.49185	6892	7653
0.48675	4644	5167
0.4973	6210	6996
0.49375	5826	6526
0.4931	6314	7031
0.49905	6451	7267
0.5005	6826	7663
0.5099	6450	7283
0.49095	3476	3860
0.495	4916	5501
0.50605	7408	8321
0.49955	5289	5951
0.48355	4948	5439
0.49685	6373	7140
0.49545	6211	6940
0.4943	6430	7174
0.4915	5789	6475
0.49255	6101	6802
0.49905	6674	7435
0.50665	7674	8606
0.4866	2828	3157
0.5139	7714	8783
0.50875	6207	7015
0.4986	5539	6229
0.50615	6312	7124
0.49055	4523	5005
0.50305	7464	8342
0.4965	6565	7341
0.4964	5793	6507
0.49675	5813	6484
0.4953	5839	6549
0.49805	6733	7525
0.4893	2777	3089
0.4767	4627	5145
0.49565	5100	5712
0.4936	2895	3239
0.51045	7049	8026
0.491	5965	6676
0.4967	6556	7353
0.4923	6169	6850
0.4914	5405	6027
0.4742	2962	3244
0.50455	6587	7405
0.4947	6550	7266
0.4991	6323	7101
0.4809	4584	5042
0.49825	6975	7800
0.50095	7158	8009
0.49785	6778	7540
0.51015	7006	7924
0.4962	6932	7725
0.50375	5583	6295
0.50885	7598	8585
0.5	6632	7445
0.4953	4587	5081
0.49215	6000	6698
0.48305	2194	2418
0.50575	6784	7625
0.4965	6795	7579
0.4879	3367	3726
0.50935	4990	5645
0.50535	6939	7807
0.51365	7778	8819
0.47555	3099	3403
0.5027	6571	7358
0.49835	6342	7064
0.4971	3438	3854
0.48315	5480	6067
0.4925	6583	7294
0.4892	6252	6995
0.47715	3652	4007
0.49095	5116	5702
0.49245	6233	6949
0.48575	5178	5773
0.50695	4956	5598
0.49145	4301	4804
0.48655	4758	5258
0.47405	5086	5615
0.50515	7432	8351
0.4965	4696	5229
0.4936	6397	7118
0.506	7131	8035
0.4853	3798	4243
0.50855	6719	7561
0.4996	5233	5834
0.49815	6983	7798
0.4971	5545	6217
0.5051	6451	7262
0.4837	3308	3673
0.504	6353	7168
0.5031	6183	6920
0.4801	5316	5832
0.4918	5091	5678
0.4735	2526	2780
0.48035	3733	4138
0.498	4292	4794
0.4761	4068	4489
0.5089	7381	8359
0.49885	7172	8017
0.49325	5066	5659
0.4856	4992	5492
0.50005	5413	6082
0.4805	2729	3012
0.4887	3610	3999
0.50335	7277	8179
0.4961	4738	5261
0.49205	5688	6288
0.48705	3091	3442
0.47645	4996	5505
0.4826	5318	5847
0.47695	3531	3910
0.51555	7410	8414
0.50385	7471	8396
0.503	5813	6532
0.4893	6668	7408
0.4855	5976	6573
0.48935	4048	4515
0.4872	3376	3747
0.5017	6928	7754
0.49305	4429	4970
0.4924	4069	4591
0.50115	6345	7130
0.49675	6976	7807
0.5022	6734	7547
0.4905	6717	7439
0.4983	6049	6820
0.50225	4025	4527
0.4714	2157	2397
0.48335	4530	5009
0.486	4626	5132
0.4969	4305	4785
0.50345	7062	7911
0.4942	4727	5266
0.5205	7896	9007
0.51825	8039	9111
0.5019	6125	6916
0.4941	5870	6523
0.5127	7241	8218
0.49495	5266	5924
0.50355	5143	5794
0.4886	4293	4774
0.51375	6659	7532
0.4935	5720	6367
0.5095	7713	8709
0.49075	5238	5826
0.4876	5588	6254
0.49715	6408	7151
0.50065	7254	8162
0.5033	6037	6802
0.49125	4490	4992
0.50425	7497	8456
0.4943	6509	7247
0.48535	4604	5115
0.4933	4948	5465
0.4959	4754	5286
0.4929	5320	5933
0.5022	5824	6559
0.49075	5844	6523
0.50325	6035	6778
0.50885	7397	8351
0.51185	7565	8562
0.51035	6870	7749
0.50035	5170	5820
0.47795	3707	4110
0.48825	2233	2500
0.5006	5905	6628
0.48235	3683	4069
0.47605	4664	5126
0.488	5310	5876
0.5005	7324	8168
0.48115	4413	4902
0.5055	6603	7466
0.49105	4142	4634
0.50775	6911	7788
0.49755	5469	6120
0.4942	6498	7286
0.4991	5498	6154
0.504	7116	8000
0.50025	5463	6150
0.47555	2647	2901
0.49905	6105	6823
0.5004	6239	6992
0.4988	5602	6319
0.49235	6381	7088
0.51695	8067	9145
0.4981	5924	6585
0.4886	4008	4448
0.4847	4431	4905
0.50205	7047	7922
0.5075	7660	8600
0.49185	5018	5610
0.49985	6743	7532
0.48095	3278	3619
0.49085	6088	6818
0.4976	5649	6310
0.51005	7011	7953
0.5028	4170	4707
0.48245	4936	5465
0.49855	5905	6611
0.50445	7746	8719
0.5118	7633	8660
0.5067	7324	8206
0.4982	2955	3300
0.5065	6773	7631
0.50195	5756	6470
0.5074	6126	6913
0.5005	6374	7150
0.504	6337	7125
0.4952	6342	7079
0.48285	3797	4209
0.49615	5915	6579
0.49995	6040	6778
0.49395	6081	6773
0.48985	5331	5932
0.496	5541	6163
0.50065	7031	7890
0.4919	4426	4942
0.4983	6324	7106
0.50475	6950	7777
0.4824	5606	6238
0.49925	6250	7070
0.49775	3866	4336
0.502	7513	8408
0.4943	4646	5205
0.4944	5761	6472
0.4857	3859	4283
0.4918	6744	7506
0.49205	2444	2719
0.5118	6413	7244
0.48695	2803	3111
0.48645	3912	4326
0.49215	5698	6359
0.49435	6690	7447
0.5009	6455	7268
0.49405	4330	4867
0.47735	2652	2902
0.50135	5399	6090
0.47695	5501	6061
0.4856	4962	5496
0.4814	4249	4687
0.51315	7442	8428
0.5051	6107	6870
0.4949	4908	5461
0.5257	7885	9073
0.4846	5420	6012
0.4783	3081	3359
0.499	6210	6992
0.48415	4611	5111
0.5011	5631	6267
0.49595	5935	6640
0.4967	6257	7005
0.4749	3888	4301
0.48865	3322	3679
0.4806	3490	3882
0.49965	6274	7035
0.4989	6919	7729
0.5026	7231	8169
0.46785	2469	2739
0.50415	6585	7443
0.4888	4248	4724
0.493	5205	5777
0.49725	7052	7830
0.48235	4211	4653
0.49245	5112	5674
0.50635	6831	7652
0.51445	7748	8762
0.5032	7434	8351
0.4918	6190	6910
0.49005	6459	7167
0.48975	3759	4208
0.48865	5651	6290
0.49985	7065	7896
0.48025	6145	6766
0.488	6474	7171
0.50485	6952	7826
0.49975	5620	6318
0.51005	6923	7837
0.5062	7338	8273
0.5	5717	6381
0.4879	6089	6747
0.46985	2996	3299
0.5075	7468	8411
0.50165	4673	5278
0.50385	7002	7820
0.50125	6179	6966
0.4954	7120	7937
0.47855	5419	5994
0.4954	5714	6394
0.49505	6200	6949
0.4976	5407	6040
0.488	5779	6442
0.4989	6088	6808
0.51435	7492	8486
0.48755	5112	5669
0.48805	4952	5518
0.49545	6564	7320
0.49745	6755	7559
0.496	4681	5231
0.489	5060	5595
0.4939	6142	6841
0.50965	5124	5795
0.49845	2745	3076
0.4786	4799	5337
0.49785	7065	7928
0.5009	6178	6886
0.4991	6633	7401
0.49425	5998	6725
0.49565	6100	6806
0.48865	6142	6802
0.49645	4183	4716
0.475	3654	4003
0.48665	4686	5235
0.4974	6698	7452
0.4993	6535	7327
0.4959	6004	6710
0.4841	2802	3095
0.48885	5100	5631
0.48375	4348	4848
0.50145	6721	7524
0.4737	3653	4024
0.49305	5798	6449
0.5029	7012	7897
0.50645	6856	7754
0.49215	5810	6504
0.50305	7067	7895
0.5077	7529	8507
0.49875	6268	7009
0.4904	3373	3764
0.49135	5443	6078
0.4836	3832	4251
0.5001	7102	7903
0.4887	4857	5389
0.4923	3441	3828
0.48	4173	4613
0.50245	7083	7981
0.48445	3544	3910
0.49435	6660	7438
0.4915	4438	4930
0.4975	6640	7409
0.4729	4275	4705
0.49345	5502	6139
0.47575	1672	1854
0.50235	3636	4099
0.4924	6440	7128
0.49945	2982	3369
0.4915	7118	7951
0.49765	6445	7218
0.4893	4675	5170
0.5001	6186	6926
0.48995	5908	6561
0.5018	6214	6992
0.49905	7044	7878
0.49405	6243	6980
0.4899	6438	7178
0.49975	5356	5983
0.48795	3066	3409
0.4938	6698	7479
0.5037	4024	4486
0.50625	7150	8077
0.4931	2914	3250
0.50225	5111	5765
0.5007	7142	8033
0.48725	3713	4110
0.479	2880	3187
0.50335	5797	6533
0.50695	7454	8399
0.4712	3439	3773
0.48235	5844	6457
0.4884	6300	6993
0.49205	6427	7151
0.4925	6061	6726
0.4917	6170	6885
0.50575	7111	8047
0.4988	5492	6141
0.5001	7255	8141
0.4904	6351	7065
0.50015	5513	6178
0.4964	5454	6068
0.49035	4498	5038
0.49055	6087	6785
0.4996	7373	8237
0.51145	7654	8649
0.4886	5460	6050
0.4902	3371	3725
0.5004	6956	7819
0.4876	4950	5485
0.48965	3828	4247
0.50895	6631	7503
0.4855	4065	4497
0.51115	7053	7944
0.48705	5233	5791
0.4819	5107	5651
0.49035	4764	5290
0.48915	5648	6254
0.5085	4595	5206
0.4987	6800	7594
0.47165	2575	2819
0.5018	6888	7739
0.4987	5235	5889
0.50435	6576	7388
0.49155	5518	6142
0.48425	3414	3781
0.49	5680	6332
0.49955	6721	7538
0.5027	7065	7897
0.5009	6295	7089
0.4933	6766	7559
0.50215	7220	8069
0.5105	7358	8327
0.4937	6123	6816
0.48255	4252	4703
0.50095	6956	7775
0.5025	5433	6083
0.49675	7001	7821
0.49645	7259	8068
0.48525	4425	4907
0.4977	6452	7238
0.4955	6649	7410
0.5114	7376	8326
0.4836	2635	2955
0.50305	7120	7997
0.5087	7183	8113
0.4961	4274	4775
0.5053	6782	7636
0.49365	4191	4659
0.48915	5928	6556
0.505	7158	8048
0.49445	5306	5898
0.49555	6227	7013
0.51295	6286	7131
0.48825	3624	4040
0.497	6569	7366
0.49945	3972	4430
0.5004	2649	2991
0.4978	6970	7829
0.49635	5465	6137
0.4857	3439	3825
0.50895	6939	7860
0.4999	4179	4644
0.50775	6889	7777
0.5103	7430	8421
0.50565	7499	8410
0.49485	6893	7695
0.51015	7110	8035
0.5079	7145	8063
0.50805	7520	8492
0.49605	2989	3349
0.49945	7211	8050
0.4904	4983	5580
0.51085	7420	8438
0.50315	7196	8051
0.50015	6533	7343
0.5037	6748	7566
0.4941	5907	6602
0.47565	3952	4329
0.4847	4305	4778
0.51215	7158	8154
0.4937	3977	4426
0.501	6017	6762
0.50895	5408	6081
0.50575	7499	8429
0.5043	5754	6468
0.5037	6574	7427
0.5096	7877	8911
0.4924	6191	6892
0.48885	4270	4721
0.47285	2227	2451
0.4776	2192	2430
0.47865	3693	4083
0.48175	3266	3615
0.4969	4742	5290
0.47475	4724	5195
0.4899	5726	6389
0.4907	4075	4576
0.4998	6839	7654
0.4909	6420	7206
0.49805	6615	7425
0.494	6412	7171
0.4921	5687	6307
0.491	3471	3860
0.4963	6758	7507
0.5104	7399	8360
0.5077	7172	8027
0.49335	3414	3778
0.5006	4657	5219
0.50815	7353	8336
0.49315	4496	4998
0.4964	5785	6474
0.50175	6797	7592
0.50425	5838	6539
0.4936	4907	5491
0.50175	7048	7904
0.5021	6434	7241
0.49125	6449	7142
0.4946	5947	6647
0.49325	5979	6655
0.4963	5467	6089
0.492	5377	6019
0.5039	6948	7784
0.49295	5535	6159
0.50185	6291	7023
0.4761	4764	5261
0.4974	7037	7848
0.48115	5379	5916
0.496	5277	5894
0.51275	7719	8750
0.50675	7182	8124
0.468	3598	3938
0.4798	4908	5435
0.4817	3973	4371
0.4793	5571	6127
0.50555	7153	7992
0.47065	3601	3962
0.49845	6031	6756
0.4865	5025	5571
0.499	6510	7289
0.49835	5319	5930
0.4893	3527	3912
0.49715	7048	7881
0.48135	4539	5015
0.4885	6201	6923
0.5118	7590	8626
0.5023	5853	6591
0.4928	5996	6688
0.4879	5226	5829
0.5038	6242	6983
0.50185	4328	4858
0.5005	6395	7158
0.4851	3588	3976
0.4705	2664	2918
0.514	7515	8533
0.5061	6671	7550
0.49965	6711	7529
0.49105	5636	6282
0.50575	6059	6823
0.48945	5824	6485
0.50275	5840	6558
0.4897	4522	5044
0.47705	4079	4470
0.46995	1667	1834
0.4848	5509	6085
0.50245	6104	6846
0.48155	5502	6065
0.49895	4760	5324
0.49275	6576	7290
0.48995	5310	5932
0.50515	6536	7346
0.47295	2639	2947
0.50245	5929	6660
0.49605	6511	7251
0.4849	3699	4080
0.49815	4819	5380
0.5112	6240	7036
0.4997	6449	7201
0.5173	7772	8877
0.4905	6385	7052
0.4986	4556	5093
0.49345	6426	7233
0.51595	8123	9236
0.48345	4579	5057
0.4832	3747	4137
0.49765	7199	8022
0.48695	5559	6183
0.49995	7001	7852
0.49795	6167	6906
0.4922	6204	6907
0.49145	3527	3983
0.4939	6303	7032
0.4931	6744	7485
0.4929	4803	5349
0.4979	4859	5471
0.51155	7084	8046
0.50165	6603	7454
0.50025	5991	6719
0.48745	3054	3413
0.4938	5255	5852
0.4977	6138	6856
0.4862	5285	5851
0.4955	5470	6127
0.50385	7544	8462
0.4917	7012	7826
0.49455	5585	6252
0.4879	5309	5865
0.50095	5183	5829
0.485	2561	2825
0.4955	6189	6884
0.49425	4058	4535
0.5135	7460	8466
0.4862	6501	7189
0.49525	6679	7440
0.4977	4540	5084
0.49965	6847	7681
0.4884	5817	6452
0.48675	4612	5116
0.49865	6656	7455
0.4927	6089	6804
0.49995	5367	6006
0.49945	3913	4398
0.4811	4246	4703
0.49795	4965	5636
0.49605	6469	7284
0.50415	6967	7826
0.49125	4373	4867
0.4845	5538	6132
0.5057	7108	8011
0.4757	4731	5239
0.4805	3560	3974
0.5093	7138	8050
0.4828	2932	3239
0.4873	3324	3694
0.51315	7430	8442
0.50705	7050	7939
0.4967	5710	6355
0.50255	6431	7205
0.49275	3690	4125
0.4986	6387	7191
0.5035	6192	6975
0.4986	5715	6442
0.50125	5908	6619
0.50545	7444	8380
0.49065	4065	4531
0.4864	4797	5252
0.5026	6834	7674
0.485	4425	4908
0.4951	7193	8082
0.52115	7570	8649
0.5081	7204	8144
0.49915	4927	5523
0.49755	5998	6760
0.5031	5990	6718
0.477	2840	3141
0.48405	4260	4719
0.50455	7302	8255
0.49575	6255	6968
0.4929	5159	5788
0.47635	4464	4871
0.47855	4377	4827
0.48635	5842	6478
0.48805	5605	6231
0.4912	3275	3632
0.4952	6435	7204
0.4922	4446	4952
0.51155	7845	8866
0.5002	6966	7784
0.5028	7101	7924
0.49105	6156	6857
0.48915	5786	6391
0.4943	5733	6402
0.5015	7526	8403
0.4986	6301	7065
0.48485	2202	2426
0.50305	7338	8237
0.4893	4970	5508
0.4791	4035	4488
0.48705	5010	5548
0.47645	2750	3030
0.4972	5457	6122
0.497	5499	6135
0.4998	7219	8043
0.49315	5809	6507
0.4934	6492	7257
0.49955	6980	7820
0.4923	5663	6316
0.48855	2850	3180
0.49385	5098	5666
0.50105	6977	7856
0.4955	6567	7332
0.49315	4872	5424
0.50685	7160	8068
0.4976	6206	6925
0.4926	6126	6792
0.51075	7835	8842
0.47465	3090	3385
0.5057	6664	7460
0.5143	7514	8442
0.50175	7225	8141
0.4924	5215	5830
0.48355	5005	5553
0.49305	6703	7449
0.507	6382	7179
0.4968	5797	6472
0.48625	5184	5766
0.49475	5884	6597
0.4816	4597	5081
0.49965	6986	7831
0.5063	7324	8265
0.4976	6347	7100
0.48005	4179	4627
0.50285	6641	7447
0.4838	5134	5687
0.50965	6800	7679
0.49195	5800	6463
0.49405	4775	5348
0.50115	6948	7822
0.4926	7063	7842
0.50185	7292	8192
0.50285	7182	8086
0.50865	6419	7231
0.50095	5561	6276
0.4832	5533	6143
0.47445	3189	3501
0.4859	5298	5893
0.49415	6699	7471
0.50035	7510	8398
0.49745	6974	7823
0.49215	3843	4288
0.50585	6928	7796
0.49215	4925	5460
0.49965	7209	8077
0.49695	3515	3922
0.4925	5688	6305
0.48685	2529	2809
0.48445	6548	7215
0.4979	6710	7505
0.4953	6120	6826
0.4928	6490	7225
0.49405	5141	5721
0.5003	6430	7210
0.5018	7084	7926
0.49755	5955	6617
0.5012	6268	7032
0.49665	5234	5820
0.5059	7127	7979
0.48615	5240	5823
0.50875	7203	8144
0.50405	7216	8123
0.5079	7344	8237
0.5103	7091	8049
0.49595	4681	5237
0.50805	6627	7489
0.4987	6519	7314
0.47895	3871	4258
0.5042	6290	7104
0.51155	6681	7558
0.508	7615	8577
0.49585	5893	6618
0.4923	5561	6200
0.4892	6379	7049
0.503	5575	6286
0.4782	4363	4789
0.4923	4385	4881
0.48445	6207	6876
0.5018	6313	7086
0.47895	2319	2544
0.5022	5945	6642
0.48445	4935	5478
0.4988	5603	6291
0.5025	6940	7807
0.4854	5546	6128
0.49165	6162	6824
0.50685	5151	5817
0.49495	6616	7378
0.49835	6467	7207
0.50845	6121	6941
0.4884	3510	3870
0.50385	6544	7390
0.4839	2368	2592
0.48105	3887	4282
0.49985	6385	7151
0.4948	6892	7685
0.5087	6626	7521
0.5025	5512	6199
0.49135	4585	5129
0.51245	7374	8308
0.5068	6645	7486
0.50375	7494	8425
0.47705	4733	5216
0.50055	6780	7627
0.48265	4318	4761
0.50855	7467	8397
0.51445	7306	8316
0.5086	7421	8412
0.49085	5011	5583
0.4982	6436	7203
0.4995	2654	2958
0.4801	2714	2994
0.4875	6433	7111
0.4898	6124	6777
0.5037	6318	7114
0.4893	6782	7562
0.49555	5259	5895
0.5019	6145	6944
0.50585	6244	7015
0.49795	4396	4953
0.4916	2845	3170
0.4999	7057	7933
0.4951	6855	7645
0.49455	6874	7673
0.49925	6683	7524
0.5073	6846	7719
0.4947	5969	6654
0.4986	6167	6910
0.50685	6954	7861
0.48895	4877	5424
0.48865	6565	7304
0.50515	7369	8326
0.50355	6970	7826
0.50985	6758	7604
0.48735	5717	6326
0.48115	3896	4303
0.5008	6452	7202
0.47985	3520	3932
0.49745	6685	7480
0.50225	7199	8086
0.50115	6369	7158
0.47875	4454	4942
0.4963	3681	4131
0.4943	6540	7303
0.4894	4526	5039
0.48705	4094	4538
0.48545	4761	5283
0.47155	3680	4037
0.51735	7617	8638
0.49305	4726	5259
0.49865	7103	7941
0.48875	3808	4223
0.48595	6073	6736
0.5109	7524	8508
0.50825	7318	8240
0.5156	6974	7983
0.49115	2962	3287
0.5104	7389	8359
0.4929	3856	4336
0.4954	6401	7115
0.4946	3517	3917
0.4771	5374	5916
0.5014	7193	8080
0.49525	3644	4085
0.4919	4054	4526
0.522	6108	6938
0.4907	5480	6117
0.4768	3075	3397
0.52205	7705	8830
0.50825	6870	7808
0.49085	3905	4353
0.4953	6635	7422
0.48565	5855	6498
0.51155	7440	8419
0.4895	3072	3420
0.49205	3534	3925
0.48895	6629	7381
0.49	6193	6859
0.5024	7233	8129
0.5031	6774	7630
0.4951	4465	4998
0.49635	6867	7646
0.4732	2311	2527
0.483	3708	4118
0.49975	5107	5708
0.48125	6104	6698
0.48345	3652	4034
0.4934	5809	6482
0.4838	3981	4414
0.4913	4927	5478
0.50035	6973	7807
0.5032	5879	6630
0.4711	3530	3895
0.4867	4619	5145
0.49915	6609	7417
0.5021	7276	8173
0.48045	3990	4367
0.4974	4998	5627
0.4784	4033	4455
0.5046	4115	4634
0.49705	5483	6150
0.5181	8085	9176
0.49155	6700	7470
0.48225	3635	4055
0.49065	5004	5561
0.4859	4436	4958
0.5081	7365	8264
0.48635	3987	4461
0.4855	5047	5582
0.48275	5655	6253
0.50475	5191	5837
0.504	6845	7671
0.4868	3002	3295
0.4974	5964	6682
0.47495	1739	1916
0.49995	6476	7263
0.49265	6285	6977
0.48835	3476	3884
0.50855	7412	8353
0.48175	5267	5831
0.4956	5949	6656
0.4999	7269	8122
0.48945	4522	5011
0.49715	3521	3950
0.4944	6294	7013
0.49755	7309	8181
0.50555	6725	7585
0.4835	2384	2635
0.4924	6643	7428
0.48395	5918	6531
0.4938	5286	5876
0.48765	2324	2569
0.4993	6763	7595
0.50275	5707	6402
0.4957	6564	7330
0.47615	4269	4677
0.4937	6808	7561
0.48815	3399	3769
0.4975	5596	6233
0.4857	4817	5398
0.48905	4763	5307
0.4855	5363	5939
0.5	5352	5948
0.49055	6898	7680
0.46935	3760	4108
0.4881	4260	4717
0.4808	4444	4890
0.4973	6416	7197
0.51175	7737	8717
0.5029	2994	3387
0.49565	6093	6882
0.51115	5792	6607
0.49385	3637	4053
0.51845	8001	9094
0.4773	4870	5416
0.47655	3225	3574
0.4817	4632	5105
0.49355	5758	6420
0.48945	6260	6994
0.48605	1646	1829
0.4958	5154	5764
0.49935	6645	7445
0.49585	6645	7380
0.4945	6772	7533
0.489	5908	6532
0.491	6323	7056
0.501	7131	7984
0.5003	7182	8026
0.48665	4806	5351
0.4972	6439	7233
0.4893	5457	6065
0.4953	6649	7442
0.49685	6420	7177
0.5042	5770	6489
0.4934	3187	3557
0.48365	2396	2641
0.48445	4404	4874
0.49085	3937	4399
0.5119	8010	9029
0.4943	5685	6369
0.4693	3117	3389
0.49235	6444	7154
0.5013	7111	7993
0.4898	5519	6162
0.49335	6858	7642
0.47685	3042	3380
0.50455	5584	6253
0.5037	5833	6535
0.50475	7168	8089
0.50505	7302	8195
0.50775	7109	8012
0.4974	6370	7133
0.4998	7617	8514
0.48295	4153	4580
0.4907	5689	6329
0.48895	5952	6601
0.46645	1142	1257
0.53475	8532	9879
0.4801	4002	4422
0.5031	7316	8187
0.48275	4364	4837
0.48165	5093	5662
0.50645	5723	6453
0.49825	3514	3939
0.48545	5879	6515
0.49425	5736	6421
0.50275	7035	7908
0.47	2309	2566
0.51025	7162	8094
0.481	5009	5554
0.49195	5131	5776
0.4789	5116	5644
0.5014	6041	6798
0.4979	7332	8193
0.5027	7433	8339
0.48085	3746	4145
0.4881	6493	7208
0.50235	5419	6050
0.48775	2548	2820
0.47415	2504	2765
0.4891	5308	5902
0.4971	4371	4907
0.50375	3637	4066
0.49115	4986	5540
0.4975	5798	6471
0.49975	7243	8116
0.4945	6566	7331
0.49505	6724	7497
0.49845	5089	5704
0.4739	4327	4737
0.48945	5036	5588
0.48635	4679	5178
0.49045	5834	6489
0.51615	6091	6946
0.48895	4607	5150
0.5033	6881	7752
0.5064	6350	7139
0.47755	2674	2945
0.51545	7647	8707
0.49565	6332	7085
0.49995	6780	7589
0.49705	5111	5695
0.48665	4309	4765
0.49325	5298	5876
0.47405	3821	4177
0.49935	5049	5680
0.50645	7595	8512
0.49585	5682	6336
0.5132	7884	8937
0.48785	5258	5833
0.50525	6838	7692
0.4896	5014	5577
0.506	6662	7569
0.48705	5605	6229
0.50145	6857	7671
0.49305	3550	3968
0.4911	5590	6252
0.4638	3012	3281
0.50185	5818	6579
0.47865	3424	3776
0.4887	4164	4631
0.5079	7149	8037
0.49545	4287	4808
0.48665	2603	2888
0.5016	6144	6882
0.4959	4012	4485
0.5009	6283	7018
0.5167	7631	8683
0.50095	6572	7351
0.4906	5282	5829
0.51105	6422	7256
0.5033	7431	8346
0.48455	2775	3044
0.4927	6706	7479
0.49625	6387	7120
0.49205	6117	6844
0.4872	5548	6138
0.48945	5884	6527
0.52315	7859	8986
0.4934	5761	6458
0.4915	2186	2478
0.4956	2767	3104
0.491	4622	5147
0.5035	7269	8144
0.50065	6581	7360
0.5024	5479	6153
0.4921	5586	6199
0.4802	3271	3650
0.5042	6663	7470
0.5017	7063	7941
0.5145	6423	7300
0.5144	6743	7638
0.47975	5538	6087
0.49575	5761	6422
0.4962	6080	6794
0.48575	4062	4516
0.49445	4326	4831
0.5051	6883	7775
0.5095	6177	7012
0.48195	4550	5016
0.4897	6222	6929
0.4803	2915	3234
0.48655	5980	6632
0.50915	7020	7903
0.5078	6058	6839
0.48225	3444	3851
0.4891	6458	7177
0.48465	5375	5931
0.48995	3915	4352
0.5045	7047	7920
0.49485	5156	5783
0.5025	6002	6760
0.4868	4409	4901
0.4836	3766	4165
0.4856	6472	7209
0.51015	7408	8347
0.50075	6778	7597
0.49875	6495	7276
0.4785	4949	5470
0.51415	7745	8794
0.49685	5459	6138
0.49715	4854	5435
0.48585	4201	4670
0.48815	6227	6928
0.49365	6950	7721
0.5121	6991	7949
0.5063	6379	7185
0.4836	4113	4561
0.5032	6451	7260
0.4857	4014	4437
0.49195	6536	7276
0.49815	5071	5711
0.5084	7715	8713
0.49565	5935	6634
0.4688	4552	4995
0.50745	7354	8320
0.4921	5047	5637
0.48325	3246	3635
0.5123	6150	6970
0.47755	3405	3770
0.48745	5958	6611
0.487	3553	3912
0.49375	5585	6235
0.50625	6661	7506
0.50125	7034	7923
0.4967	5799	6438
0.47875	4285	4732
0.50885	6749	7591
0.49585	6948	7746
0.48495	4922	5432
0.4902	5425	6000
0.50395	6427	7282
0.4995	5501	6176
0.4918	6054	6725
0.49595	6481	7256
0.47795	2209	2439
0.49355	5173	5759
0.5027	6994	7832
0.50025	7115	8006
0.49885	5371	6011
0.48605	5744	6414
0.4844	5590	6223
0.4808	3774	4161
0.51165	7674	8683
0.511	7088	8039
0.4921	5026	5616
0.4834	4017	4471
0.4952	4725	5307
0.49605	5518	6134
0.4973	7120	7961
0.47425	3917	4335
0.49375	6752	7490
0.4946	5389	5992
0.50725	6719	7621
0.4987	6852	7638
0.47945	3490	3872
0.49215	5602	6223
0.48885	4686	5209
0.4708	4881	5369
0.48695	5207	5761
0.4613	1712	1890
0.4992	6619	7435
0.5003	5991	6754
0.50415	6400	7170
0.50625	7388	8295
0.4943	2748	3106
0.50445	7071	7963
0.50075	5679	6386
0.5125	5913	6735
0.50285	6727	7556
0.47915	5164	5706
0.502	6712	7525
0.50275	5565	6246
0.4914	5967	6626
0.49135	5685	6354
0.49425	4234	4733
0.49955	5740	6453
0.49505	6951	7737
0.4909	4374	4885
0.49315	7032	7846
0.47825	3529	3915
0.50555	6743	7578
0.50365	6801	7658
0.47985	4396	4846
0.49735	6184	6916
0.4866	5069	5634
0.49975	7532	8416
0.49235	6013	6657
0.4835	5024	5578
0.4944	6265	7003
0.4966	3407	3808
0.49295	4412	4947
0.49905	6908	7732
0.48545	5103	5659
0.50895	7706	8701
0.494	7087	7900
0.49285	5970	6643
0.476	5639	6264
0.49105	6392	7083
0.4893	4638	5143
0.50795	6548	7405
0.4939	6361	7076
0.5028	5308	5980
0.4971	7091	7941
0.4983	6756	7553
0.5017	7281	8166
0.50885	7350	8290
0.4839	5081	5606
0.49225	4848	5427
0.49735	5614	6268
0.49375	5390	6045
0.5068	7358	8296
0.4918	3000	3338
0.49485	4371	4859
0.5007	6382	7204
0.49985	6437	7213
0.5017	6133	6902
0.50115	6898	7723
0.50345	6309	7087
0.4923	6795	7558
0.5063	7146	8082
0.49485	5896	6581
0.49335	5255	5846
0.49895	5489	6129
0.4931	5565	6282
0.4867	4631	5147
0.4869	4982	5534
0.50265	7092	7981
0.4802	4470	4900
0.5138	7309	8275
0.49975	5156	5771
0.50825	7067	7996
0.5181	7931	9060
0.4836	5725	6351
0.50905	7378	8359
0.50665	6599	7469
0.51155	7506	8494
0.4937	6153	6892
0.50105	7378	8261
0.4834	3522	3920
0.49095	6213	6859
0.5009	6871	7714
0.4916	6182	6891
0.5081	6820	7682
0.50225	7625	8547
0.5217	8099	9221
0.4884	3437	3847
0.482	4865	5383
0.50435	7371	8295
0.48795	3496	3882
0.5023	6896	7732
0.50005	7037	7900
0.4972	6529	7309
0.4942	3834	4262
0.4915	4989	5539
0.49795	6681	7476
0.49795	5963	6636
0.47055	3480	3831
0.5184	7819	8871
0.4869	5410	6046
0.4863	5612	6254
0.48445	4873	5385
0.4892	4455	4938
0.49765	3178	3563
0.49685	6758	7542
0.4905	4715	5256
0.48775	6335	7067
0.48195	3883	4331
0.4821	4813	5333
0.5016	6791	7616
0.4841	2600	2890
0.4964	4831	5352
0.5033	7379	8309
0.4912	2421	2676
0.49275	4598	5138
0.4974	4129	4650
0.47545	2940	3234
0.49325	4113	4570
0.515	7663	8691
0.47945	2776	3038
0.5027	6716	7572
0.4932	2545	2846
0.48695	5093	5665
0.5018	6621	7394
0.4899	6437	7191
0.49775	5093	5702
0.50585	6659	7545
0.48805	5746	6354
0.49115	3612	4005
0.49	5589	6234
0.49835	5750	6474
0.50465	4108	4599
0.48515	5475	6088
0.50955	6239	7033
0.4894	5684	6317
0.49735	5831	6557
0.5022	6244	7014
0.5082	7308	8241
0.4983	6279	7035
0.4919	5542	6186
0.49505	4845	5428
0.5121	7867	8924
0.48425	5818	6425
0.4941	4356	4873
0.4908	6750	7484
0.50575	4205	4757
0.4995	7102	7941
0.4965	7087	7882
0.4697	2520	2779
0.4879	3349	3724
0.49025	5589	6226
0.5051	7207	8108
0.4935	5274	5861
0.49255	6373	7072
0.4932	4235	4713
0.4982	6825	7616
0.48005	3868	4277
0.49995	6860	7667
0.51265	7180	8149
0.49545	6875	7632
0.4981	4497	5043
0.49325	4967	5542
0.49005	3785	4213
0.47645	3134	3463
0.4959	6520	7317
0.5057	6292	7082
0.49575	5629	6293
0.50965	8112	9115
0.48865	4914	5479
0.51195	7220	8219
0.49775	5461	6136
0.5163	7774	8814
0.52245	7984	9144
0.49615	6995	7794
0.507	5838	6587
0.48435	2842	3126
0.4907	6483	7213
0.49135	5776	6451
0.49995	5869	6569
0.48975	6408	7114
0.4988	5438	6042
0.4992	7458	8319
0.47875	6026	6632
0.48465	5990	6622
0.4854	4026	4477
0.4672	3005	3298
0.4845	6176	6838
0.4946	4441	4945
0.4869	4454	4948
0.5001	7504	8376
0.48765	4972	5494
0.49035	2965	3295
0.50885	7012	7907
0.50485	7381	8306
0.49515	6433	7150
0.48025	4603	5047
0.4971	2968	3344
0.49425	4676	5219
0.50495	6755	7613
0.4901	4765	5308
0.4727	4197	4608
0.49265	5673	6348
0.46735	2323	2564
0.50195	7270	8165
0.5047	7092	8003
0.48765	6150	6791
0.4959	5527	6160
0.50625	5252	5942
0.4973	5621	6298
0.5124	7892	8881
0.49335	6145	6840
0.50085	6044	6825
0.48355	3600	3972
0.50365	5381	6045
0.5027	6914	7789
0.50645	6722	7581
0.4916	4891	5464
0.4974	6522	7313
0.50575	6279	7065
0.5013	7308	8234
0.5006	6738	7536
0.478	5305	5861
0.49815	6193	6964
0.5105	7365	8336
0.50635	6388	7147
0.48295	4721	5231
0.4881	4614	5134
0.5058	5684	6411
0.4924	6618	7353
0.5047	6416	7251
0.4854	4271	4756
0.49375	6248	6956
0.4914	5644	6340
0.4984	6334	7056
0.49455	5868	6536
0.5074	6199	6994
0.4995	7360	8232
0.45505	1841	2001
0.49635	7050	7875
0.49905	6779	7612
0.491	5136	5723
0.4999	5280	5939
0.49465	6044	6743
0.5114	7275	8191
0.49095	4376	4919
0.5101	4960	5593
0.49785	6344	7108
0.50585	6687	7513
0.5063	7805	8765
0.4951	5626	6286
0.4983	6995	7873
0.50775	6475	7247
0.50735	7809	8817
0.4925	4872	5429
0.48995	4963	5512
0.4919	5417	6043
0.49075	6155	6891
0.5023	7412	8275
0.4911	2387	2636
0.48255	3729	4166
0.49235	6027	6713
0.49855	6168	6889
0.48505	5365	5913
0.48765	3971	4405
0.5022	7105	7913
0.5097	6111	6913
0.4868	3899	4335
0.47875	3946	4385
0.49645	5048	5687
0.48245	4449	4920
0.4807	6278	6914
0.50415	7287	8181
0.50285	6047	6793
0.5026	6790	7650
0.5095	5825	6598
0.49655	6037	6754
0.48445	4582	5084
0.49125	5516	6135
0.49675	6333	7077
0.4976	7198	8034
0.4883	6331	7050
0.50025	5958	6652
0.4998	6550	7321
0.50885	7632	8604
0.50845	3603	4071
0.4923	4784	5350
0.4836	4481	4965
0.5003	6950	7794
0.49355	6812	7592
0.5076	7617	8547
0.4908	2703	3009
0.48825	6381	7068
0.5083	7377	8291
0.4937	6622	7377
0.50245	3908	4392
0.5053	6682	7594
0.49805	4424	4936
0.49655	6052	6761
0.5135	7407	8380
0.5061	6801	7594
0.4942	3521	3944
0.49225	3362	3730
0.48405	4302	4783
0.4956	4357	4839
0.4991	6793	7621
0.4763	4671	5157
0.4993	5854	6536
0.48245	5391	5940
0.49155	5243	5815
0.4736	3757	4161
0.50835	7615	8598
0.50355	6902	7745
0.5019	6407	7206
0.49885	6168	6878
0.49335	5386	6017
0.4884	4764	5284
0.49155	4076	4549
0.4937	5776	6436
0.48355	5081	5662
0.49395	6009	6708
0.4779	2336	2587
0.4952	5214	5815
0.48485	2336	2597
0.48695	4787	5338
0.50235	6831	7669
0.51245	6543	7415
0.4978	7122	7977
0.48315	5673	6258
0.49605	6112	6833
0.4932	6945	7741
0.4827	2728	3021
0.4914	5863	6506
0.4772	2445	2697
0.4868	5057	5646
0.50715	6200	6996
0.5256	7953	9095
0.50405	6072	6812
0.4842	4937	5488
0.4848	6540	7214
0.4945	6334	7080
0.48145	3937	4370
0.504	6905	7741
0.4953	4621	5186
0.5029	7063	7898
0.49775	5842	6502
0.5077	6436	7280
0.49335	6707	7458
0.4923	6912	7696
0.4878	3376	3779
0.50745	7370	8336
0.48065	5523	6096
0.4905	6650	7380
0.4823	5818	6431
0.4851	4588	5097
0.5012	6821	7647
0.50995	7464	8459
0.4782	3521	3922
0.50825	6452	7281
0.50535	6997	7860
0.4877	5804	6425
0.4927	4706	5206
0.4665	1767	1944
0.48105	4060	4463
0.4955	5922	6636
0.48735	3522	3929
0.4869	3978	4409
0.4994	6750	7538
0.48945	5760	6399
0.5037	6341	7175
0.48665	5803	6441
0.48975	5054	5611
0.4981	6100	6870
0.49365	6437	7185
0.50195	6631	7438
0.49685	5589	6237
0.4979	5062	5650
0.48215	5798	6446
0.4962	5964	6651
0.4841	5755	6378
0.47865	3762	4161
0.47535	4404	4858
0.47555	3196	3521
0.50035	7068	7897
0.48435	5383	5965
0.50075	6545	7342
0.50485	7029	7937
0.48625	5772	6376
0.50135	6642	7415
0.4956	4997	5572
0.4843	4063	4492
0.4949	6265	6998
0.47595	4019	4429
0.49395	6306	7016
0.5075	7648	8612
0.52165	7463	8543
0.49155	5814	6490
0.49165	5713	6376
0.4776	3427	3769
0.5043	6544	7382
0.50555	7709	8670
0.49795	6779	7606
0.49665	5917	6621
0.49955	4919	5486
0.5055	6101	6848
0.5106	6421	7253
0.4832	4241	4652
0.50325	6766	7577
0.4798	4846	5370
0.49575	4592	5139
0.4854	3416	3795
0.50905	7136	8038
0.4869	5321	5886
0.50505	7481	8384
0.485	5539	6153
0.49775	5740	6420
0.48445	4299	4774
0.48895	5286	5890
0.4976	7427	8253
0.4933	6431	7130
0.5081	5606	6316
0.48275	2326	2573
0.49395	5937	6637
0.51345	7321	8313
0.4915	7050	7818
0.47805	3588	3945
0.5019	6341	7129
0.4946	4015	4507
0.48925	5561	6204
0.4947	5240	5856
0.5046	3373	3765
0.48635	5045	5610
0.4844	3237	3579
0.4817	3298	3631
0.4967	5454	6114
0.5008	6715	7506
0.48455	5802	6449
0.48375	4726	5236
0.4849	4329	4841
0.4914	5797	6488
0.4789	4969	5505
0.49245	3348	3741
0.4811	3525	3895
0.4801	2349	2620
0.49845	6195	6939
0.47645	3698	4032
0.4996	6561	7301
0.4841	3186	3505
0.4978	7242	8064
0.4901	3701	4106
0.49465	4762	5323
0.4987	6540	7337
0.48385	2438	2743
0.4866	5257	5824
0.4807	2366	2584
0.51235	7375	8302
0.5046	7488	8407
0.4915	4632	5170
0.5131	7196	8155
0.50445	5926	6664
0.48995	4964	5524
0.47875	3433	3772
0.4949	6521	7263
0.50075	6464	7234
0.49615	6829	7610
0.5018	5914	6637
0.5008	5603	6290
0.5056	7234	8131
0.5103	7407	8358
0.4945	5405	6016
0.4933	6131	6892
0.49225	5437	6074
0.4657	2593	2799
0.48565	5179	5701
0.4802	3693	4063
0.4848	5099	5661
0.49855	6174	6927
0.4722	2485	2738
0.4951	4845	5401
0.50035	5167	5797
0.50205	6162	6945
0.48295	3617	4014
0.48375	5142	5694
0.4911	5331	5990
0.4973	5533	6157
0.47295	4522	4944
0.489	2204	2438
0.49455	2550	2860
0.48695	6048	6717
0.50685	7028	7895
0.4919	5058	5603
0.5144	7695	8738
0.50075	7301	8178
0.502	6963	7798
0.49535	6241	6954
0.50075	4008	4489
0.50945	7239	8198
0.50815	6849	7680
0.49915	3328	3720
0.49195	3698	4119
0.49875	2886	3244
0.5022	5988	6736
0.5022	6273	7016
0.51315	7452	8428
0.479	2213	2437
0.49575	3864	4354
0.49875	6866	7670
0.49335	4350	4864
0.49465	6508	7220
0.49345	5701	6406
0.50025	6639	7397
0.49315	5188	5800
0.5014	6527	7319
0.5104	7515	8439
0.48165	3676	4064
0.50325	6202	6956
0.4861	2416	2677
0.46655	3342	3669
0.49945	7291	8142
0.5135	7709	8733
0.5051	6775	7610
0.5034	7180	8050
0.50405	6480	7297
0.5049	7291	8220
0.49765	5754	6426
0.49745	4686	5216
0.48365	3469	3906
0.5029	6850	7717
0.4847	6484	7157
0.49615	4003	4466
0.48995	5525	6166
0.49915	4811	5379
0.50795	7262	8168
0.4859	4587	5096
0.49885	3817	4233
0.48115	4155	4619
0.4856	4686	5200
0.49845	5586	6246
0.50565	6395	7170
0.50315	7272	8152
0.4857	4867	5389
0.47915	2803	3092
0.48835	5679	6351
0.48675	3410	3829
0.5028	6730	7552
0.4914	4751	5287
0.488	6064	6731
0.49945	6748	7555
0.4939	4321	4804
0.49675	6277	6998
0.47705	3503	3867
0.49885	6821	7606
0.49535	4557	5083
0.50665	5979	6734
0.50055	6474	7264
0.50225	6401	7171
0.49795	5791	6468
0.50195	5988	6740
0.5097	7639	8590
0.49345	4240	4711
0.51125	7253	8187
0.5067	5910	6608
0.5066	6535	7359
0.49655	6963	7766
0.49555	6347	7111
0.4947	3737	4151
0.493	6405	7148
0.48335	3774	4204
0.5063	6968	7866
0.49805	5646	6349
0.49775	4889	5474
0.48605	5965	6631
0.4737	2593	2829
0.50295	6406	7188
0.4759	4461	4904
0.4962	6543	7301
0.5028	6544	7366
0.49495	6121	6813
0.50235	6557	7364
0.48665	3378	3745
0.49665	6737	7501
0.4786	2567	2849
0.49095	6596	7354
0.50705	7881	8842
0.5134	7645	8631
0.4866	5331	5945
0.48335	3454	3802
0.5007	7256	8085
0.49035	4643	5161
0.49415	6227	6935
0.4863	3729	4120
0.49075	5309	5906
0.4965	6001	6698
0.50055	7325	8238
0.49835	3856	4337
0.47085	3984	4389
0.4926	5557	6187
0.4908	4769	5315
0.49145	6235	6921
0.48975	6147	6834
0.5065	6632	7459
0.50145	7294	8184
0.4816	3150	3471
0.5136	7884	8955
0.4824	4384	4839
0.5012	6758	7569
0.5335	7286	8449
0.49005	6249	6927
0.4906	6083	6775
0.50945	2953	3363
0.492	6800	7544
0.48595	5398	5970
0.5108	7477	8433
0.50315	4279	4840
0.4993	5813	6496
0.50715	6637	7490
0.4982	6819	7670
0.48535	4396	4863
0.5006	6047	6769
0.5004	7451	8308
0.4895	2470	2786
0.49185	4572	5084
0.4969	6359	7121
0.49315	5890	6610
0.4976	6189	6871
0.4801	3923	4345
0.4941	6363	7086
0.5001	7181	8048
0.5016	7149	8016
0.4976	5523	6196
0.5201	7742	8823
0.5076	6484	7294
0.49285	5190	5788
0.485	2677	2986
0.5009	4895	5493
0.4843	3716	4127
0.49145	5793	6448
0.4948	4560	5073
0.5009	7156	8023
0.50895	7615	8586
0.5007	7318	8241
0.47935	4397	4818
0.4863	4669	5170
0.5002	7299	8172
0.47835	4056	4479
0.488	5985	6664
0.50415	7044	7956
0.5019	4094	4597
0.4803	4954	5499
0.4883	4542	5013
0.50515	6548	7371
0.49645	5532	6203
0.4922	5021	5601
0.5027	5151	5756
0.4742	4173	4588
0.49915	6699	7492
0.50345	7241	8123
0.4929	6458	7227
0.5023	7183	8068
0.48085	4818	5334
0.50965	6940	7854
0.50625	5904	6683
0.50825	7617	8558
0.49105	5983	6623
0.5124	6663	7581
0.4857	3775	4189
0.48475	4824	5344
0.4654	2541	2809
0.49895	6754	7578
0.4996	6536	7305
0.49955	6828	7633
0.48245	4650	5152
0.48975	4952	5507
0.4941	6198	6902
0.48655	5590	6240
0.4974	5782	6519
0.48605	5246	5817
0.50215	6681	7454
0.49315	5052	5631
0.4913	4850	5410
0.4959	3457	3837
0.4846	5727	6377
0.4992	6246	7013
0.51515	7151	8101
0.49385	6985	7751
0.49405	5644	6273
0.4977	6162	6878
0.50035	6773	7588
0.5153	7683	8722
0.4726	3246	3581
0.4904	3732	4138
0.49965	6013	6728
0.4902	5149	5742
0.47975	5156	5711
0.4861	5158	5703
0.4997	6097	6795
0.4916	4587	5135
0.4912	2185	2426
0.48135	5499	6073
0.5057	5367	6077
0.50895	6454	7299
0.5005	6560	7333
0.49465	6264	6980
0.5025	6456	7255
0.49595	4310	4825
0.473	2986	3301
0.49565	4748	5316
0.48495	3138	3456
0.50185	6792	7615
0.50115	7180	8049
0.49455	4040	4502
0.49855	5440	6082
0.48425	3480	3845
0.5094	5847	6587
0.49155	4006	4476
0.4899	3236	3593
0.48485	5414	5993
0.48915	5928	6553
0.4895	5309	5907
0.4938	5155	5752
0.4846	4539	5039
0.49665	6537	7307
0.4836	5035	5606
0.48965	6370	7099
0.4902	5717	6342
0.50775	6788	7667
0.49395	6123	6840
0.49115	4089	4531
0.50145	6808	7651
0.4886	4693	5219
0.5013	3865	4342
0.49045	5220	5809
0.4941	4118	4619
0.48835	5254	5853
0.5161	7446	8457
0.48995	6202	6870
0.4969	6094	6796
0.49565	6325	7049
0.5153	7399	8363
0.4915	3340	3744
0.49725	4137	4653
0.4854	5325	5914
0.4946	6374	7149
0.51265	7192	8186
0.48645	4591	5128
0.49635	6931	7764
0.488	4587	5070
0.4948	6332	7078
0.47415	1532	1680
0.5044	4724	5333
0.4774	2755	3030
0.5074	6338	7138
0.49465	5333	5924
0.48735	3094	3441
0.50945	6675	7528
0.5054	7195	8098
0.4962	5430	6082
0.49325	4862	5426
0.49605	7183	7991
0.4905	5814	6485
0.4825	3622	3996
0.4996	6219	7009
0.4788	4350	4786
0.49145	6037	6709
0.49575	6570	7356
0.4896	3359	3731
0.48575	4088	4568
0.4966	6060	6758
0.5015	7013	7791
0.4943	4951	5538
0.49455	5332	5944
0.49485	7003	7819
0.498	7028	7891
0.4957	6924	7719
0.48505	4800	5356
0.5008	6795	7638
0.4881	4902	5467
0.4919	6083	6749
0.4909	4983	5573
0.4874	4299	4802
0.4959	5051	5668
0.5108	7277	8211
0.50225	7047	7918
0.4926	4576	5100
0.5077	7408	8339
0.48625	3270	3635
0.49785	6345	7091
0.48635	5243	5759
0.5033	6602	7395
0.4983	6198	6932
0.4917	5340	6000
0.48845	6148	6823
0.50305	7206	8105
0.5037	5959	6718
0.4948	6066	6778
0.5025	5681	6392
0.5134	6522	7410
0.50175	7164	8017
0.49115	4862	5418
0.50765	7158	8017
0.4896	5456	6084
0.4975	5275	5909
0.49525	6297	7018
0.4943	6072	6843
0.49135	5351	5980
0.4923	6826	7597
0.4845	2645	2940
0.50795	7229	8161
0.4986	6251	6987
0.49445	6447	7165
0.50145	7147	8000
0.4934	2690	2998
0.5005	4385	4952
0.5081	7485	8470
0.477	5126	5647
0.5116	7513	8497
0.4785	2014	2218
0.49235	6437	7134
0.4816	2519	2793
0.49675	6189	6915
0.49975	3311	3724
0.5108	7955	8974
0.47805	4148	4594
0.48605	4001	4421
0.5227	7987	9139
0.4936	3578	4025
0.4936	4843	5422
0.48515	4926	5476
0.47345	4045	4441
0.49895	6419	7195
0.49205	4871	5385
0.48635	5135	5683
0.5099	7539	8504
0.48985	5869	6501
0.49525	7228	8024
0.47905	3095	3392
0.5047	7014	7896
0.49975	6899	7758
0.48615	6113	6800
0.4988	6460	7243
0.48495	6829	7520
0.49445	6578	7325
0.48655	4274	4729
0.49785	6435	7177
0.513	7164	8142
0.50455	6899	7739
0.49825	4371	4891
0.4896	5177	5770
0.49615	5275	5892
0.4959	5605	6315
0.4952	5088	5655
0.50365	3509	3908
0.51445	7536	8568
0.491	6157	6853
0.5032	6265	7085
0.4838	5036	5584
0.49165	4032	4496
0.49845	5828	6531
0.492	5347	5954
0.5085	7823	8786
0.50445	6749	7593
0.49905	6961	7788
0.4986	7263	8120
0.50135	3587	3998
0.5037	7448	8398
0.49355	6465	7184
0.50195	4784	5384
0.5103	7076	8028
0.4773	2663	2939
0.49465	6087	6769
0.51045	6068	6863
0.49495	6628	7384
0.49505	6554	7339
0.48925	4474	4932
0.5008	5700	6368
0.5208	8010	9124
0.4879	5130	5678
0.50095	4440	4966
0.5079	6957	7838
0.4909	4878	5442
0.49875	5386	5982
0.503	5763	6457
0.49715	5846	6545
0.50755	7187	8071
0.5027	3926	4437
0.4847	5094	5680
0.4912	2141	2390
0.4879	5643	6274
0.50785	7295	8253
0.49255	4960	5560
0.4946	5579	6214
0.48355	4220	4673
0.50135	6465	7212
0.49055	5557	6176
0.48635	5037	5585
0.476	2859	3153
0.4864	3833	4270
0.496	2411	2704
0.48115	5847	6471
0.49705	5777	6437
0.5068	7066	7963
0.51115	7288	8263
0.49625	4572	5129
0.4867	5786	6453
0.4943	4546	5065
0.4838	4747	5229
0.49555	6150	6816
0.50235	6525	7304
0.49195	5904	6579
0.49225	6271	6973
0.49965	6895	7727
0.5019	5960	6710
0.49915	6718	7532
0.49415	5489	6069
0.49285	5856	6534
0.51175	6104	6871
0.48035	4479	4950
0.4937	5683	6392
0.4769	3866	4312
0.5094	7267	8198
0.4998	7025	7911
0.48935	6279	6951
0.48535	4531	5007
0.4989	7056	7845
0.5011	7014	7912
0.49425	7106	7901
0.501	5781	6456
0.47225	4627	5043
0.4889	5123	5749
0.5025	5674	6350
0.4977	4307	4799
0.49835	2991	3391
0.49145	4732	5277
0.47415	2812	3090
0.50355	5560	6238
0.509	7738	8744
0.49625	4922	5510
0.49375	5981	6678
0.4794	3081	3401
0.4976	5614	6262
0.47975	3111	3433
0.48715	3300	3635
0.47355	3772	4132
0.50195	6002	6724
0.49555	6620	7409
0.4773	5420	5937
0.48555	3786	4215
0.49865	5285	5895
0.48535	5643	6255
0.4762	3770	4142
0.50835	7487	8459
0.48685	6127	6816
0.51405	7744	8822
0.5028	5762	6431
0.4856	4708	5195
0.4838	3571	3955
0.4882	3804	4219
0.4893	4717	5261
0.49105	3641	4048
0.4931	5653	6332
0.4948	6475	7231
0.4963	5495	6166
0.4946	6450	7219
0.50005	7088	7934
0.4908	5363	5986
0.48605	3267	3617
0.48795	3025	3357
0.5019	5574	6270
0.5035	5914	6629
0.49795	6298	7089
0.49355	5647	6253
0.4933	6736	7502
0.4784	1823	2028
0.47715	4120	4548
0.50535	3657	4125
0.49365	5710	6381
0.51485	7495	8530
0.4958	6178	6923
0.5022	6428	7254
0.5002	7428	8333
0.4998	7070	7902
0.4885	4279	4783
0.49855	5455	6101
0.4829	4905	5433
0.5064	6275	7061
0.4804	2486	2756
0.49785	3178	3571
0.4919	5982	6720
0.49845	6953	7750
0.4791	4074	4473
0.4915	6909	7655
0.4975	6947	7777
0.50185	6755	7583
0.50925	7365	8322
0.4914	5209	5814
0.49395	2201	2457
0.4917	5201	5794
0.49635	4572	5154
0.4945	6675	7425
0.48125	4566	5045
0.50855	7459	8385
0.49605	6664	7431
0.49445	4983	5580
0.4985	5217	5865
0.48875	2752	3059
0.48285	3669	4079
0.48315	5469	6039
0.4953	5510	6150
0.49005	6260	6992
0.5183	8019	9123
0.4986	6734	7562
0.489	6380	7092
0.4938	5886	6610
0.49315	6496	7231
0.5095	7258	8216
0.4931	4194	4670
0.4943	3654	4064
0.49905	4829	5412
0.49915	6272	7048
0.4926	7226	8011
0.49925	5843	6547
0.4832	4330	4805
0.5059	5996	6760
0.4954	6009	6727
0.5073	6962	7838
0.49015	3299	3664
0.49175	4916	5526
0.49485	6322	7064
0.50045	5529	6211
0.4982	7191	8075
0.4956	6299	7066
0.4848	4995	5539
0.5	7030	7857
0.48695	5499	6119
0.51325	7199	8134
0.4983	6979	7772
0.49665	6357	7072
0.4918	5783	6456
0.48295	2580	2870
0.48585	5343	5939
0.47705	3402	3727
0.50045	5702	6374
0.50695	6517	7342
0.50415	5047	5673
0.5124	7548	8560
0.4993	5264	5910
0.4784	3725	4113
0.51555	7922	8974
0.49905	6769	7594
0.50595	6900	7739
0.49625	6254	6998
0.49055	2633	2934
0.49305	5042	5620
0.51325	7183	8146
0.4987	6846	7635
0.49495	6277	7018
0.4967	6376	7114
0.5111	7701	8699
0.50605	6496	7301
0.48805	6911	7720
0.4786	5000	5482
0.48745	4805	5312
0.4856	5584	6208
0.49315	6338	7049
0.49835	7295	8117
0.4863	4990	5539
0.491	2348	2614
0.4963	6614	7381
0.49915	5835	6546
0.4995	5537	6171
0.49105	4663	5192
0.50005	5030	5650
0.4954	6564	7313
0.4919	4357	4885
0.5056	7157	8051
0.51105	7632	8627
0.4945	6365	7116
0.48015	4655	5153
0.49955	5774	6447
0.48685	5910	6549
0.50115	7291	8169
0.5021	3974	4476
0.49025	4388	4877
0.4898	5646	6288
0.50405	7215	8115
0.50845	7892	8875
0.4851	5215	5771
0.49695	5846	6545
0.495	5615	6257
0.4842	3310	3687
0.51055	7566	8561
0.4875	2534	2783
0.49075	5188	5724
0.49645	6082	6788
0.49125	4697	5257
0.4943	5418	6044
0.49245	2485	2780
0.50085	6372	7168
0.49805	3496	3909
0.5103	6993	7926
0.51415	6844	7800
0.49125	6215	6940
0.49405	5334	5946
0.4991	7458	8387
0.49185	5326	5905
0.4966	6741	7479
0.49045	5445	6021
0.4918	5652	6297
0.4877	6580	7326
0.49285	3420	3790
0.5071	7372	8278
0.5117	7645	8680
0.5054	5962	6710
0.52255	8301	9442
0.4909	5971	6621
0.4885	4362	4859
0.49415	2654	2963
0.49565	5308	5925
0.4911	5899	6554
0.48785	5804	6395
0.47735	2764	3037
0.4851	4692	5204
0.50905	5402	6124
0.5015	6028	6759
0.49435	5950	6650
0.49705	4619	5158
0.49685	4886	5495
0.48065	3251	3561
0.49165	6349	7045
0.5005	6749	7595
0.49395	6033	6745
0.4921	6254	6966
0.492	4914	5474
0.4968	4288	4797
0.48685	5359	5936
0.49975	6216	6954
0.512	7644	8657
0.48085	3778	4205
0.48945	3661	4077
0.4972	5979	6672
0.5067	6611	7482
0.49415	6013	6750
0.4704	2740	3032
0.49295	5095	5671
0.48615	6647	7346
0.48975	4627	5097
0.50665	7036	7928
0.4924	4427	4931
0.48365	5584	6168
0.48275	4656	5114
0.51335	6973	7912
0.49865	6521	7252
0.5129	7665	8660
0.492	6436	7165
0.47625	3560	3922
0.50135	7142	8006
0.4836	2730	3022
0.5087	7555	8473
0.48925	5164	5730
0.4812	4759	5279
0.49455	4855	5373
0.4876	5894	6556
0.4921	7012	7826
0.5031	7377	8299
0.505	6576	7365
0.5193	7632	8713
0.5093	6370	7184
0.4765	4010	4400
0.4814	4775	5275
0.4648	2012	2195
0.47755	5628	6191
0.4939	6200	6932
0.49785	6127	6866
0.50015	7508	8384
0.4974	5358	5989
0.4923	6203	6851
0.5051	6908	7767
0.4938	6137	6804
0.48435	4812	5330
0.4717	2561	2824
0.4923	5973	6628
0.48285	4212	4669
0.47865	4028	4451
0.4949	5821	6484
0.5116	6376	7258
0.50145	6826	7677
0.51245	7728	8774
0.50735	6765	7628
0.48865	5801	6454
0.49865	6657	7435
0.49895	7055	7858
0.48035	5314	5854
0.49085	6790	7516
0.48355	3924	4326
0.49575	5892	6611
0.49955	6277	7013
0.4999	7124	7951
0.47955	2697	2997
0.49865	6724	7501
0.47055	3122	3440
0.5009	6073	6808
0.5165	7438	8457
0.50135	6967	7810
0.48985	5090	5648
0.50555	5509	6193
0.51485	7718	8781
0.5106	7732	8746
0.5002	7482	8358
0.4949	5482	6121
0.47465	5845	6428
0.48555	4199	4672
0.50525	7772	8712
0.4987	5965	6694
0.4805	2359	2614
0.4879	2988	3294
0.50225	6597	7400
0.4884	5719	6340
0.51025	7714	8691
0.49555	4589	5124
0.4924	3586	4012
0.49165	6849	7600
0.4946	6354	7093
0.50585	6306	7131
0.4995	6467	7259
0.48705	4178	4650
0.49385	3334	3707
0.48075	2999	3305
0.51375	6991	7892
0.49415	6172	6859
0.50545	6216	6965
0.49885	3319	3667
0.4896	6342	7039
0.48595	3477	3834
0.50635	5461	6152
0.49555	6503	7268
0.4906	6682	7405
0.4943	6682	7462
0.4933	3411	3830
0.4963	6777	7576
0.48785	4643	5160
0.50415	5424	6133
0.4969	5740	6448
0.4791	2466	2687
0.48845	4691	5205
0.48675	4140	4612
0.4916	5490	6149
0.49785	5023	5619
0.4902	3938	4418
0.49665	5338	5956
0.51045	7390	8358
0.52015	7765	8872
0.50135	7424	8266
0.5042	6734	7575
0.49925	6545	7362
0.48305	4179	4667
0.49825	6640	7449
0.48155	3736	4138
0.50545	7648	8588
0.48345	5885	6479
0.4835	2779	3082
0.5013	5791	6502
0.50515	6822	7684
0.5028	7971	8911
0.4931	4525	5062
0.49035	4414	4944
0.50305	7165	8052
0.5063	5961	6683
0.4782	5642	6225
0.49505	7111	7925
0.4723	3771	4124
0.4989	6345	7058
0.50385	5294	5941
0.50625	6879	7767
0.48155	4629	5114
0.50995	7854	8838
0.49655	3930	4459
0.4716	3676	4063
0.49945	5876	6597
0.5073	7082	8004
0.47515	4014	4462
0.48095	4105	4544
0.4939	6820	7587
0.4847	5470	6060
0.5039	6349	7135
0.49565	5748	6436
0.49045	6423	7163
0.4826	4056	4454
0.48965	6221	6914
0.48455	6740	7462
0.4944	3870	4302
0.49445	5271	5886
0.496	6448	7194
0.48455	4150	4597
0.48295	4290	4776
0.5085	7574	8537
0.5038	6382	7163
0.48685	2356	2598
0.4963	6822	7624
0.4935	4440	4949
0.496	5361	5963
0.4988	6326	7075
0.5027	3621	4087
0.48	2897	3228
0.47855	2522	2805
0.5019	4910	5521
0.50445	7181	8073
0.4974	5386	6014
0.47955	4317	4778
0.45165	3074	3339
0.4843	3847	4282
0.5017	5921	6697
0.49815	3222	3594
0.49645	6933	7716
0.4967	7036	7837
0.48785	6030	6697
0.49475	5932	6619
0.495	4408	4934
0.4969	6859	7632
0.49205	4343	4846
0.4921	5171	5763
0.5134	5822	6608
0.48225	5277	5871
0.49275	5026	5587
0.4816	3107	3444
0.49605	6901	7722
0.4869	4199	4657
0.5044	6994	7878
0.50215	6704	7526
0.50405	7294	8168
0.5066	5584	6290
0.4985	7548	8416
0.4944	4240	4747
0.49465	3349	3761
0.478	3550	3962
0.49595	6909	7711
0.47745	4135	4551
0.4979	5940	6640
0.4869	5607	6210
0.5034	5577	6262
0.4985	6588	7384
0.50075	7390	8286
0.4771	2775	3053
0.50215	7664	8614
0.4937	5620	6255
0.5031	7007	7916
0.50535	7044	7922
0.4863	5985	6640
0.48345	5622	6209
0.49725	7074	7834
0.4916	5368	5969
0.48805	4375	4841
0.51105	6143	6939
0.4925	4251	4733
0.48865	6337	7083
0.49675	5551	6180
0.4979	6158	6887
0.50105	6990	7842
0.49645	5547	6177
0.48995	5578	6194
0.48335	2700	2961
0.4944	4479	4971
0.5191	7668	8741
0.50395	5403	6114
0.483	3775	4189
0.4859	4616	5095
0.49575	7095	7910
0.4994	4873	5451
0.4913	6491	7225
0.51425	7968	9039
0.50985	6913	7783
0.50425	6612	7443
0.49475	5659	6317
0.5002	5853	6550
0.4901	6163	6832
0.494	5252	5868
0.4691	3451	3787
0.49775	5968	6672
0.4999	7134	7996
0.47355	2827	3110
0.4988	7042	7861
0.49375	5867	6547
0.5004	3550	3957
0.5046	5709	6429
0.49825	6520	7322
0.49045	5101	5692
0.4925	2580	2866
0.5195	7287	8305
0.4738	3177	3495
0.5068	5638	6347
0.49565	5800	6436
0.49975	5991	6746
0.50355	7096	7964
0.4979	5974	6683
0.49285	5731	6346
0.47705	4015	4458
0.49875	5553	6216
0.4916	5712	6371
0.50575	7531	8451
0.48865	3784	4174
0.48565	3091	3463
0.47945	3186	3558
0.50315	5307	5985
0.4821	4740	5242
0.50595	6498	7310
0.49215	4715	5241
0.4964	4097	4569
0.48655	6038	6673
0.4856	3738	4145
0.4801	3828	4223
0.48585	5529	6119
0.49735	5297	5908
0.4965	5459	6110
0.49825	5903	6628
0.50075	6192	6943
0.5128	6333	7188
0.4807	3220	3575
0.51845	7477	8557
0.4636	2558	2792
0.49515	5653	6291
0.4809	3925	4366
0.4907	6538	7262
0.4857	4725	5279
0.4947	5063	5651
0.4838	6932	7638
0.4751	3996	4402
0.5063	7369	8294
0.50455	7082	7990
0.5035	7256	8148
0.49975	6755	7552
0.4938	5629	6279
0.49655	6613	7391
0.50805	6779	7652
0.47575	3649	4033
0.47885	3060	3380
0.49445	4605	5197
0.489	6087	6776
0.48765	5626	6234
0.4842	2632	2899
0.49795	6073	6819
0.4959	5581	6220
0.5017	6281	7056
0.50235	5735	6456
0.4872	2860	3161
0.48425	5335	5909
0.485	2293	2510
0.4834	5173	5759
0.4986	6112	6853
0.4852	4645	5160
0.50435	7333	8233
0.4923	5668	6353
0.48735	4744	5260
0.48855	4008	4413
0.49505	6818	7595
0.4977	5789	6470
0.49125	4888	5449
0.487	6032	6673
0.50035	6539	7315
0.47905	3455	3817
0.51865	7938	9028
0.4957	5053	5644
0.4867	6164	6841
0.50045	7059	7904
0.48115	4398	4847
0.4817	3635	4043
0.4877	4342	4828
0.5103	7540	8499
0.4949	6743	7549
0.47085	3431	3775
0.4902	5588	6236
0.4958	3166	3489
0.49285	5498	6140
0.4987	6580	7326
0.50645	7499	8442
0.50105	5945	6669
0.495	5749	6416
0.49465	7138	7933
0.4978	5031	5593
0.49395	5184	5788
0.5004	7091	7936
0.4946	5923	6598
0.4975	6146	6862
0.48605	4710	5201
0.48655	5601	6229
0.4772	2976	3278
0.498	4768	5337
0.5131	7937	8967
0.50235	6412	7228
0.4737	4254	4704
0.5029	5571	6268
0.4918	5446	6029
0.5053	6720	7567
0.5009	7237	8118
0.4923	5560	6182
0.5003	6074	6833
0.51205	7399	8369
0.49375	7115	7924
0.50755	7156	8060
0.49895	6182	6942
0.4895	5922	6571
0.4788	3428	3778
0.4925	4545	5048
0.49795	5998	6685
0.4891	4710	5230
0.4965	6413	7190
0.50265	7332	8219
0.50165	7110	7975
0.48245	4605	5111
0.4887	4683	5182
0.4787	2961	3275
0.5018	7407	8337
0.51325	4818	5493
0.50055	5291	5927
0.51055	6420	7232
0.4989	4520	5068
0.50895	7001	7895
0.48775	5013	5560
0.48055	3544	3898
0.5161	7886	8898
0.4699	4283	4697
0.48855	5984	6653
0.49555	5651	6285
0.49155	6945	7710
0.4855	4797	5304
0.48385	4777	5294
0.5018	6242	6994
0.5055	7168	8060
0.49945	6366	7145
0.4918	6683	7426
0.4636	3310	3624
0.49665	5212	5813
0.48715	4859	5419
0.5036	6871	7745
0.49065	5342	5922
0.50025	7432	8337
0.48375	4150	4617
0.4705	3082	3396
0.49235	2817	3142
0.5023	5428	6083
0.48075	3263	3623
0.50285	7360	8299
0.4932	5745	6397
0.5031	6675	7501
0.49275	6593	7371
0.4856	4279	4742
0.4953	6413	7193
0.50045	5625	6303
0.4848	2546	2831
0.5025	6692	7483
0.493	5915	6575
0.497	6602	7398
0.5057	4415	4976
0.50305	7192	8045
0.4941	4494	5041
0.50135	7674	8591
0.49725	6155	6880
0.4955	6108	6818
0.50875	6855	7781
0.4989	5622	6282
0.493	6470	7194
0.4833	4809	5328
0.48245	5514	6058
0.4916	5316	5913
0.497	6467	7216
0.4978	7158	7977
0.4904	4576	5086
0.50145	6273	7096
0.49625	6196	6918
0.50865	7683	8689
0.48335	4021	4461
0.4979	4531	5092
0.50545	7161	8067
0.4972	5814	6504
0.4844	3183	3532
0.50065	7464	8327
0.4951	6830	7593
0.48585	3866	4284
0.50005	7026	7873
0.4971	6565	7325
0.50805	7408	8351
0.48755	6442	7184
0.48615	3991	4417
0.49625	5657	6316
0.47715	4024	4426
0.48415	4151	4583
0.5023	7295	8208
0.49715	5808	6498
0.4935	3898	4376
0.48545	4468	4935
0.47655	2063	2282
0.5031	6497	7309
0.49515	5371	5995
0.4803	5667	6242
0.49195	6006	6704
0.48305	4860	5404
0.50065	6133	6858
0.50615	7294	8193
0.4969	5712	6387
0.498	7508	8401
0.4978	6472	7234
0.48335	4706	5217
0.4998	3778	4237
0.5084	7194	8131
0.5056	6860	7724
0.4722	3960	4340
0.4881	3682	4095
0.50095	6440	7210
0.48475	3201	3550
0.5093	6046	6818
0.47745	3843	4247
0.4973	5918	6615
0.48125	3517	3884
0.48465	5197	5745
0.49645	5826	6520
0.4931	4112	4621
0.4949	4087	4570
0.48955	4019	4471
0.4879	6026	6726
0.48885	5947	6601
0.4715	3401	3752
0.48725	6206	6901
0.5048	7586	8503
0.4831	4632	5121
0.50705	7186	8127
0.49145	5468	6065
0.51035	5458	6164
0.46745	1744	1914
0.48015	2547	2820
0.5036	6550	7336
0.476	5422	5956
0.51745	7519	8554
0.4791	3993	4424
0.4854	4824	5324
0.5158	7616	8640
0.50655	6662	7518
0.4845	4919	5415
0.49075	5673	6308
0.5135	7531	8507
0.4923	5333	5939
0.48795	5673	6320
0.5022	6552	7367
0.4879	5180	5760
0.4981	5492	6165
0.5012	6058	6794
0.48895	5079	5621
0.50695	6268	7047
0.484	4596	5067
0.49805	5053	5672
0.4902	4267	4754
0.49855	7218	8116
0.5012	7389	8243
0.4898	2656	2919
0.502	1878	2107
0.51415	7952	8979
0.4964	6875	7680
0.4855	4616	5096
0.4799	3265	3623
0.50335	6326	7101
0.49155	5066	5655
0.49955	7504	8426
0.476	3240	3570
0.4994	4303	4833
0.4958	4670	5189
0.5128	5632	6382
0.49735	5435	6087
0.49565	7298	8128
0.4836	5389	5976
0.4895	5289	5914
0.4879	4825	5409
0.50355	7299	8151
0.5041	7302	8207
0.49575	6743	7522
0.4883	6060	6736
0.511	7435	8418
0.5033	6255	7068
0.5015	7249	8103
0.48955	5090	5702
0.48825	4621	5133
0.46275	2623	2879
0.48605	5180	5750
0.50185	6968	7809
0.4964	5619	6262
0.4962	5882	6578
0.4938	5715	6402
0.50355	4723	5313
0.4903	4884	5446
0.49765	6746	7550
0.48065	4606	5095
0.47315	2298	2540
0.5175	7273	8315
0.50425	6183	6948
0.48615	2868	3152
0.50275	2915	3274
0.4804	5138	5651
0.49545	4977	5561
0.49745	7196	8014
0.4917	6848	7648
0.47555	4505	4939
0.49435	5237	5889
0.48345	5111	5673
0.48565	4515	5040
0.50985	7066	7960
0.49105	5010	5607
0.4901	4389	4913
0.48465	3746	4166
0.4995	6860	7655
0.5142	7580	8588
0.48985	3294	3655
0.5153	7964	9078
0.50285	6327	7064
0.4944	6476	7228
0.47865	3260	3595
0.48695	5167	5737
0.4859	5953	6593
0.50805	7762	8742
0.48875	4602	5093
0.48505	3917	4355
0.50815	6777	7657
0.4926	4619	5143
0.50305	3732	4180
0.4806	5086	5626
0.51005	7314	8286
0.515	7475	8469
0.49985	6794	7573
0.49535	6519	7236
0.50565	7334	8235
0.49995	6636	7445
0.4751	3864	4276
0.4884	4003	4453
0.5063	6755	7583
0.50435	6877	7733
0.4887	4453	4959
0.48945	5471	6052
0.4914	6320	7052
0.504	5867	6586
0.5119	7280	8215
0.50585	7324	8231
0.48035	3389	3766
0.49955	7012	7862
0.49165	6339	7042
0.50985	7571	8576
0.4929	5364	6035
0.4974	6235	6992
0.4933	6138	6820
0.4891	6738	7505
0.4929	6945	7708
0.4916	5965	6650
0.49645	6370	7120
0.5002	6252	7002
0.50565	6318	7066
0.4979	5886	6593
0.49555	6599	7374
0.497	6914	7739
0.48265	4937	5522
0.50645	5993	6776
0.4909	4860	5467
0.50205	6602	7418
0.4937	3733	4154
0.48845	6049	6737
0.49455	6663	7412
0.52455	8285	9494
0.48805	5397	5972
0.48705	1679	1874
0.49125	5192	5855
0.48475	4241	4719
0.50695	7316	8248
0.50675	6118	6880
0.4931	2533	2824
0.5035	6630	7476
0.50845	6452	7273
0.49355	6650	7420
0.4882	4790	5284
0.50835	7065	7952
0.5022	4454	5013
0.47935	2291	2532
0.4909	4971	5518
0.50205	5690	6342
0.4758	3216	3543
0.49215	4967	5532
0.49525	5756	6419
0.49615	6387	7158
0.4929	4036	4490
0.5035	7655	8602
0.51605	7850	8867
0.5016	6421	7194
0.50185	5400	6059
0.49075	5990	6649
0.4973	6003	6765
0.48545	4162	4591
0.5007	6112	6833
0.4641	3132	3413
0.5047	7172	8100
0.50555	5910	6676
0.4792	5001	5528
0.4973	5959	6650
0.50545	7093	8013
0.4814	5369	5930
0.49105	6003	6663
0.49675	5016	5631
0.49255	5588	6208
0.4949	6141	6858
0.4987	4712	5290
0.50495	6817	7706
0.4844	5702	6296
0.4892	6328	7007
0.49095	6632	7391
0.48435	6144	6795
0.51965	7982	9117
0.49765	6635	7468
0.5002	7400	8257
0.49795	6810	7609
0.4843	3795	4183
0.4935	5933	6663
0.4972	5539	6193
0.48265	5622	6204
0.5126	7157	8105
0.4955	6841	7553
0.49855	5684	6418
0.50395	6004	6725
0.4936	6826	7630
0.50445	4926	5558
0.49855	4323	4858
0.47505	3598	3960
0.4805	4576	5066
0.49015	4372	4876
0.5018	5380	6040
0.4854	5974	6659
0.50075	5804	6486
0.49795	5937	6666
0.5053	6411	7255
0.48165	1373	1507
0.49205	5519	6151
0.4803	3052	3378
0.49015	3204	3606
0.487	6072	6770
0.51135	6653	7499
0.47975	4244	4703
0.50915	7196	8127
0.49335	3707	4155
0.5019	5958	6676
0.4786	4786	5268
0.50365	6981	7838
0.4869	4248	4703
0.4895	4776	5302
0.4899	5773	6461
0.5089	7244	8174
0.4836	5258	5823
0.5069	2957	3352
0.50365	7170	8103
0.49945	7006	7804
0.49175	5185	5790
0.4969	6269	7023
0.51355	7885	8940
0.5157	7885	8965
0.49975	6805	7645
0.497	6434	7196
0.48795	4743	5276
0.4922	4941	5491
0.49355	2443	2723
0.48775	5879	6515
0.4929	5097	5688
0.50065	6899	7769
0.49025	5679	6329
0.5179	7714	8767
0.5072	7238	8167
0.5164	7513	8555
0.5001	6752	7565
0.49235	5358	5970
0.4839	4116	4563
0.49265	4893	5458
0.49655	3572	4006
0.5033	7132	7990
0.4983	6990	7773
0.49285	4967	5578
0.4924	6535	7310
0.50095	6537	7297
0.4834	4801	5298
0.5009	4054	4554
0.49595	5106	5679
0.49735	6091	6847
0.4916	5119	5719
0.50585	6533	7388
0.51195	6703	7623
0.50075	5149	5780
0.49725	6890	7668
0.50005	6085	6814
0.5102	7962	8976
0.48915	5430	6031
0.4706	2574	2823
0.48445	4990	5536
0.51405	6772	7661
0.4914	5199	5825
0.4971	5280	5925
0.4892	4611	5136
0.4924	3646	4042
0.50255	6967	7793
0.4902	6550	7245
0.51565	6844	7770
0.5042	3816	4314
0.49425	5074	5667
0.5011	7485	8385
0.5011	6610	7391
0.49595	6226	6955
0.5003	7008	7837
0.50185	7392	8280
0.49175	4087	4554
0.4901	4166	4617
0.4992	4967	5527
0.50315	5983	6724
0.49795	7055	7905
0.47695	5304	5851
0.48575	4136	4555
0.50575	7231	8120
0.4823	4749	5236
0.5042	6221	7034
0.504	7572	8480
0.4929	6234	6908
0.5088	7478	8424
0.48835	6476	7192
0.5042	7648	8584
0.4912	5059	5627
0.4861	4154	4616
0.49045	5496	6148
0.4926	4863	5416
0.50495	6610	7451
0.4586	3182	3477
0.50305	7423	8345
0.5093	6990	7911
0.4765	4296	4726
0.5025	7557	8483
0.49685	5403	6049
0.5072	5888	6629
0.5125	6868	7818
0.4815	4045	4462
0.4971	4473	5011
0.50415	7294	8215
0.4903	6909	7671
0.51595	7425	8442
0.49685	6584	7386
0.4844	5033	5556
0.486	3949	4356
0.4862	5492	6089
0.48715	5050	5620
0.50055	6969	7841
0.50155	6387	7159
0.48245	3782	4200
0.4957	6282	6996
0.4974	7427	8262
0.5192	7276	8281
0.5181	7984	9057
0.509	7737	8734
0.4922	5391	5997
0.49385	6033	6727
0.4848	5543	6155
0.4991	7254	8094
0.5021	5905	6620
0.4896	5243	5825
0.48365	4308	4804
0.46795	3019	3312
0.50715	5538	6267
0.48445	2837	3123
0.48345	3506	3861
0.50835	6200	6960
0.4995	6937	7776
0.49655	4964	5522
0.50205	6868	7733
0.50365	7296	8214
0.49465	5627	6279
0.4895	3393	3792
0.47815	3273	3597
0.49645	7123	7969
0.4968	6529	7271
0.49935	6601	7372
0.506	7610	8573
0.4868	2264	2529
0.49785	7110	7914
0.49065	2337	2612
0.496	6505	7223
0.4909	6346	7075
0.49615	7003	7819
0.4899	4315	4792
0.4844	5104	5656
0.4981	5580	6246
0.51075	7808	8819
0.4942	6548	7317
0.5069	6598	7460
0.5077	7608	8536
0.4961	7229	8114
0.49995	6199	6958
0.49935	6612	7401
0.49875	6526	7335
0.5	7703	8608
0.48825	5571	6187
0.5046	5888	6618
0.49255	6139	6840
0.48415	2136	2386
0.49995	5152	5784
0.47215	3237	3543
0.47675	3370	3708
0.49335	5191	5822
0.48215	5194	5717
0.4966	6239	6993
0.48425	3466	3835
0.4909	5842	6499
0.48475	5192	5744
0.48715	4944	5491
0.50985	7149	8130
0.4908	3696	4123
0.4866	5964	6576
0.48315	2290	2511
0.49625	6101	6826
0.48285	2841	3148
0.4857	2267	2522
0.49795	5144	5779
0.48785	5857	6529
0.4873	4734	5227
0.50395	7572	8509
0.5036	6160	6910
0.49965	6866	7684
0.49915	5172	5832
0.4888	6529	7245
0.4947	6837	7634
0.49435	2770	3076
0.48435	4291	4759
0.4909	4661	5133
0.488	6279	7011
0.49455	4045	4528
0.50505	7365	8267
0.5014	6411	7183
0.4828	4868	5398
0.4969	5322	5951
0.5093	5730	6458
0.50125	5197	5836
0.5038	7078	7959
0.5105	7457	8429
0.48625	5658	6250
0.50955	7001	7911
0.49885	3401	3814
0.48525	5206	5765
0.49175	5079	5682
0.47905	5559	6152
0.4939	4791	5341
0.49105	3781	4225
0.49545	6490	7252
0.502	6999	7840
0.49465	6592	7344
0.4905	4008	4443
0.4939	5638	6293
0.49205	5641	6289
0.50085	7537	8484
0.48765	4004	4453
0.4868	6227	6919
0.50525	6777	7651
0.4989	5998	6680
0.51025	6502	7351
0.506	7122	8037
0.4977	5914	6630
0.49555	6523	7282
0.4816	4631	5074
0.5048	4675	5255
0.4952	6601	7336
0.4804	4407	4862
0.4883	5216	5803
0.50005	5104	5728
0.49595	6520	7294
0.48605	4053	4503
0.4896	5644	6303
0.48955	5947	6583
0.4891	5948	6618
0.4774	2826	3133
0.5085	6842	7683
0.49535	4065	4549
0.49255	6208	6926
0.50135	6872	7750
0.49585	7362	8229
0.4988	5253	5869
0.49145	5275	5871
0.47555	4024	4431
0.48745	4082	4562
0.49925	6512	7309
0.4972	6816	7586
0.4983	6667	7453
0.511	5772	6529
0.4981	6641	7376
0.4962	5946	6654
0.5027	7126	7965
0.49955	4979	5597
0.48985	6163	6899
0.47585	3871	4272
0.50815	6814	7692
0.49315	6210	6883
0.49445	5142	5765
0.4853	3465	3857
0.48855	5725	6379
0.48565	5562	6159
0.50515	7209	8099
0.48625	3686	4115
0.4977	7016	7824
0.49485	6218	6946
0.4895	6196	6899
0.49925	3765	4215
0.4834	4907	5458
0.5096	7098	8027
0.49395	3975	4432
0.49965	6569	7350
0.4988	5242	5866
0.4814	5390	5989
0.50035	6445	7219
0.49595	5458	6084
0.4873	6231	6906
0.50145	3477	3923
0.47575	3895	4283
0.50185	6192	6944
0.5203	7796	8870
0.4871	6076	6705
0.49085	4976	5523
0.4901	4818	5327
0.47645	2894	3191
0.50015	5897	6590
0.48215	3020	3330
0.4932	5280	5851
0.48175	4684	5162
0.48175	3984	4433
0.50955	6574	7407
0.49685	4723	5288
0.50635	7197	8089
0.4988	7217	8029
0.48075	3369	3736
0.50795	3570	4031
0.50385	5494	6206
0.47875	3872	4262
0.49375	3817	4274
0.5049	6795	7687
0.50145	6860	7720
0.48985	5194	5820
0.50225	6595	7401
0.49245	5335	5947
0.50175	6890	7691
0.4983	6421	7195
0.4893	4565	5059
0.495	5509	6183
0.5065	7616	8567
0.4807	3742	4138
0.48115	4333	4788
0.5009	6529	7328
0.5078	6504	7332
0.5054	5750	6463
0.4957	4888	5471
0.48875	5667	6269
0.5137	7119	8093
0.4997	5754	6420
0.4978	6361	7100
0.4829	4422	4896
0.49115	6228	6941
0.48185	2994	3296
0.4998	6178	6891
0.4921	5288	5917
0.49895	3636	4058
0.4988	6007	6702
0.4826	5154	5717
0.5006	5134	5743
0.49815	5743	6415
0.4831	3725	4142
0.49435	6899	7701
0.49395	5050	5600
0.50825	7597	8524
0.4899	5701	6337
0.4837	3376	3739
0.508	7238	8182
0.4912	6352	7128
0.50075	6918	7760
0.49595	5331	5962
0.5012	7105	7923
0.49565	6828	7628
0.50415	6620	7473
0.50335	2650	2985
0.497	5665	6330
0.5042	7469	8407
0.4968	6127	6817
0.48495	3793	4188
0.51055	7801	8796
0.49855	6984	7788
0.47065	2240	2435
0.48955	5401	6004
0.49545	6748	7528
0.50985	7693	8662
0.472	4177	4598
0.50145	6770	7616
0.4914	6058	6802
0.49435	5391	6016
0.48235	4286	4752
0.5097	5310	5946
0.458	2320	2521
0.5033	6933	7777
0.4989	6381	7126
0.49555	6431	7151
0.49955	6884	7719
0.5035	6565	7354
0.50585	6200	7024
0.4686	3126	3419
0.48175	3338	3687
0.48765	4731	5229
0.497	3422	3828
0.4795	4810	5324
0.5059	7149	8078
0.4995	6299	7056
0.4944	6022	6741
0.5022	7370	8279
0.4996	5785	6481
0.49215	6154	6884
0.50475	7047	7888
0.4784	4072	4547
0.4948	6049	6727
0.4961	4316	4813
0.50585	7428	8339
0.4874	4433	4924
0.47415	3465	3824
0.4976	6676	7418
0.49445	7355	8242
0.50875	7407	8362
0.48455	4995	5479
0.50005	6158	6852
0.5051	6885	7765
0.48995	6162	6881
0.50285	7218	8052
0.4885	2293	2537
0.4908	6184	6914
0.4983	5137	5728
0.49315	4671	5232
0.47825	5058	5581
0.5079	7531	8478
0.47685	5385	5898
0.4929	4349	4829
0.49695	6916	7691
0.4938	4150	4630
0.4957	5669	6308
0.49075	4714	5235
0.4863	6210	6932
0.4922	6095	6850
0.5108	7354	8317
0.48925	4671	5186
0.49375	5177	5799
0.48885	3078	3439
0.48855	5813	6454
0.494	5524	6138
0.49965	6421	7177
0.50335	5279	5884
0.50265	6068	6840
0.49235	5143	5775
0.4882	5108	5681
0.49455	4489	5003
0.4913	5179	5815
0.4878	6190	6866
0.49305	6292	7000
0.4933	4119	4571
0.49805	6087	6789
0.4906	4543	4989
0.4901	4498	4991
0.5101	7301	8270
0.47615	4841	5327
0.50725	7411	8323
0.49255	6544	7286
0.4968	5779	6434
0.50435	7383	8280
0.51855	7919	9042
0.5124	7741	8762
0.4842	3593	3988
0.4893	6041	6730
0.48525	5040	5577
0.46315	2274	2485
0.5019	6904	7753
0.49525	6162	6871
0.4751	2919	3208
0.4915	4634	5144
0.48665	5019	5546
0.49705	6661	7450
0.48755	6147	6785
0.47425	3907	4313
0.4816	4494	4979
0.4959	4293	4801
0.48415	4581	5060
0.5006	6531	7299
0.50055	6251	7017
0.4913	5763	6398
0.50465	7302	8201
0.49085	4154	4630
0.50055	5366	6017
0.4886	4306	4816
0.4986	6448	7206
0.48355	5722	6318
0.49235	6079	6750
0.49655	4645	5177
0.5083	7032	7949
0.49765	6871	7681
0.49865	5863	6571
0.48995	4356	4847
0.50885	7269	8202
0.49635	6412	7132
0.48455	3626	4018
0.491	6188	6875
0.4962	6449	7226
0.49275	5674	6322
0.50245	5690	6437
0.4922	6584	7312
0.4822	4177	4633
0.50095	5699	6423
0.4914	6958	7723
0.495	3700	4161
0.5034	7076	7981
0.47735	3500	3889
0.5073	6952	7804
0.48995	5913	6561
0.49905	5874	6580
0.4933	6401	7091
0.49945	5802	6489
0.49445	5057	5621
0.47965	5357	5920
0.4901	4514	5001
0.49625	5789	6478
0.5178	7282	8309
0.49715	6538	7305
0.4913	4106	4565
0.4791	2992	3323
0.48935	5001	5547
0.51235	6688	7579
0.49615	6252	6967
0.4768	4439	4888
0.5106	7687	8702
0.4801	4607	5050
0.4912	4595	5131
0.5018	5634	6355
0.48845	5463	6037
0.49505	5193	5777
0.5032	6368	7175
0.4899	5549	6185
0.4955	4565	5105
0.48195	5140	5688
0.508	6745	7620
0.51655	7867	8935
0.49915	6746	7575
0.5056	6977	7844
0.5023	7670	8605
0.50305	5232	5865
0.4894	4724	5247
0.50165	7206	8085
0.49865	6979	7769
0.50215	3361	3742
0.5063	7369	8291
0.4865	3273	3652
0.47425	4570	5012
0.50055	5955	6683
0.48915	4727	5271
0.47695	5404	5985
0.48885	5356	5973
0.51125	5932	6713
0.5062	6962	7858
0.50295	5776	6523
0.50975	7092	8010
0.4846	3999	4416
0.5013	4717	5259
0.4918	2907	3256
0.50835	7729	8747
0.5036	7114	8002
0.49995	5037	5630
0.49855	6786	7601
0.49705	6319	7067
0.496	6614	7361
0.5008	6461	7224
0.5137	7630	8636
0.4759	3157	3474
0.4976	6632	7441
0.4882	2951	3285
0.48455	6122	6774
0.48605	6012	6680
0.48995	3204	3552
0.49225	6278	6990
0.49345	3369	3763
0.50285	7103	7980
0.4874	6220	6922
0.5054	4308	4838
0.51315	5954	6753
0.5082	7868	8876
0.4909	3749	4174
0.48255	3596	4000
0.5114	7840	8844
0.4945	5823	6544
0.4933	4473	5015
0.48885	5070	5664
0.4913	5552	6188
0.5027	7187	8076
0.5049	6548	7416
0.4949	6106	6816
0.49365	6175	6868
0.50785	5242	5945
0.48365	3758	4161
0.5019	6236	6985
0.4911	5966	6670
0.47835	3392	3728
0.48355	4861	5385
0.48065	3576	3975
0.48895	4521	5032
0.4964	3349	3756
0.4844	5440	5994
0.4851	4492	4961
0.4903	4914	5507
0.498	5281	5925
0.5068	7871	8838
0.4926	5993	6665
0.49105	4670	5238
0.4922	4664	5187
0.4974	5805	6548
0.4907	6140	6865
0.4977	6230	6976
0.50445	7573	8522
0.48795	5692	6273
0.49975	6316	7072
0.48395	5630	6214
0.4885	3736	4149
0.50265	4622	5212
0.4826	4484	4968
0.4854	5779	6374
0.48945	5549	6115
0.5124	6569	7457
0.5013	6729	7527
0.4986	6958	7787
0.4781	4125	4585
0.4942	5501	6130
0.50315	7016	7896
0.50475	7755	8679
0.46885	1838	1981
0.48995	5844	6491
0.4912	6612	7366
0.49395	4243	4738
0.5003	6301	7109
0.4928	6104	6793
0.4936	4361	4879
0.4917	5367	6009
0.50435	6393	7117
0.4821	4943	5468
0.506	5877	6619
0.48535	6314	7005
0.4772	2804	3084
0.5071	7517	8481
0.48395	5024	5567
0.49555	5855	6537
0.488	6267	6935
0.4839	5330	5875
0.4801	3672	4063
0.49605	5507	6132
0.50845	7641	8605
0.51745	7602	8592
0.50275	6958	7811
0.49625	6709	7482
0.49715	5810	6466
0.5057	6689	7566
0.48325	3491	3856
0.4891	5534	6157
0.47195	3908	4307
0.4941	4523	5042
0.48895	5409	5995
0.4917	5334	5954
0.5004	5757	6420
0.50775	7353	8268
0.49725	5410	6002
0.4845	4627	5112
0.50145	5960	6704
0.4935	4753	5281
0.5122	7919	8944
0.4975	6585	7390
0.50065	6693	7494
0.49765	6419	7155
0.4892	5684	6352
0.50815	5832	6603
0.49985	5647	6338
0.50745	7208	8154
0.48435	4783	5329
0.48805	5709	6363
0.48895	4848	5375
0.50005	6712	7526
0.4948	5451	6094
0.4939	6784	7535
0.5004	7035	7854
0.4918	4556	5043
0.46095	1699	1849
0.51555	7911	8992
0.48485	2918	3234
0.5019	5906	6653
0.50865	6090	6872
0.484	2687	3013
0.4958	5903	6552
0.4852	4436	4924
0.5002	5905	6615
0.48835	4305	4809
0.4906	5692	6361
0.4873	5253	5789
0.4994	7526	8430
0.4817	4139	4592
0.4987	6383	7118
0.4858	3545	3982
0.48115	4321	4764
0.48815	2735	3048
0.51405	7264	8236
0.4947	6929	7724
0.48735	5483	6108
0.4992	7184	8013
0.4984	6361	7173
0.4913	4679	5241
0.47525	5649	6239
0.46405	2351	2575
0.51065	6558	7397
0.4934	6608	7346
0.48925	5819	6459
0.49515	7149	7955
0.491	6888	7700
0.5142	7666	8708
0.4986	7204	8003
0.483	4686	5187
0.5007	5364	6012
0.5026	7100	7924
0.4877	3842	4284
0.4957	5518	6101
0.50185	7170	8040
0.506	5662	6407
0.4778	4004	4417
0.4757	4954	5475
0.48765	4265	4733
0.5133	7646	8636
0.5044	7262	8167
0.4844	1861	2067
0.4797	4194	4614
0.47115	2272	2520
0.5002	6079	6844
0.5109	7629	8627
0.4872	5422	6054
0.51175	7889	8914
0.49315	6166	6884
0.4962	5774	6432
0.4955	5971	6678
0.49075	4525	5052
0.49715	4505	5052
0.49545	3529	3957
0.48735	3548	3944
0.49945	6731	7521
0.4835	5044	5587
0.48505	6159	6845
0.49735	5569	6240
0.5084	7232	8154
0.491	5513	6141
0.5005	4065	4520
0.4973	4685	5250
0.5044	4843	5463
0.4873	4687	5182
0.49095	6436	7170
0.48965	6418	7116
0.5004	6112	6874
0.48905	3256	3612
0.49475	7132	7952
0.51405	7208	8182
0.4749	2963	3247
0.4819	4937	5419
0.5004	7262	8110
0.49495	6291	6962
0.49815	5876	6591
0.48335	5502	6084
0.49725	4869	5464
0.49435	6026	6754
0.5032	5697	6394
0.5022	7381	8307
0.49	5398	6010
0.49465	6311	7087
0.4966	6019	6729
0.49665	6444	7200
0.4934	4065	4537
0.49415	6592	7318
0.49455	5844	6562
0.49535	4296	4798
0.47265	3131	3438
0.4887	4888	5414
0.50825	6780	7686
0.4911	4942	5527
0.50705	6745	7623
0.49335	6727	7487
0.4821	2084	2299
0.48555	5610	6213
0.4895	3640	4021
0.4821	5250	5768
0.5164	7887	8987
0.4858	5199	5753
0.4984	6391	7128
0.51285	7804	8787
0.4797	2989	3311
0.4855	5172	5724
0.4808	6306	6938
0.5004	7235	8073
0.47765	3707	4079
0.49835	6160	6888
0.48615	6304	6981
0.5026	6006	6762
0.4978	6518	7272
0.49285	6421	7163
0.4835	5019	5532
0.48055	3949	4409
0.49335	5250	5821
0.4779	3766	4167
0.48795	4891	5437
0.5011	4590	5148
0.49005	2523	2831
0.49545	5041	5653
0.49745	6800	7579
0.51275	7101	8049
0.49525	6047	6756
0.4978	6612	7392
0.49465	6847	7646
0.4914	7043	7824
0.5026	5653	6355
0.5073	7601	8549
0.4907	5571	6204
0.49455	7054	7883
0.4964	5494	6110
0.47585	3303	3657
0.4921	4477	5027
0.50175	7243	8109
0.4712	2907	3210
0.49915	7237	8078
0.50065	6637	7446
0.4976	4710	5225
0.4986	6354	7116
0.48725	3746	4154
0.49165	5420	6066
0.4821	4067	4508
0.4968	6181	6911
0.51325	7882	8962
0.48545	5258	5811
0.50305	6677	7509
0.49405	4523	5063
0.49465	5897	6584
0.4852	5694	6302
0.50555	7428	8345
0.47395	3033	3344
0.4892	4225	4696
0.4935	6342	7012
0.4899	5308	5917
0.49135	5755	6405
0.48535	4665	5174
0.49385	6550	7275
0.49705	5490	6168
0.49515	5741	6411
0.51145	7662	8668
0.49355	5432	6059
0.4887	5006	5544
0.49575	5988	6708
0.49705	6922	7735
0.51255	7354	8344
0.5063	6997	7898
0.5174	7863	8908
0.4715	3268	3611
0.4994	7476	8383
0.4762	3980	4404
0.48515	4376	4839
0.4946	3752	4192
0.4877	4996	5569
0.5207	7502	8555
0.4806	4725	5256
0.4875	5205	5816
0.50625	6628	7480
0.49565	5151	5737
0.49445	6436	7232
0.50065	6423	7240
0.50365	7124	8008
0.49375	4766	5307
0.49875	6060	6782
0.4975	6418	7188
0.49245	5234	5827
0.4789	3349	3710
0.487	4581	5078
0.4991	5639	6270
0.48145	3959	4378
0.5091	5390	6097
0.50305	6080	6875
0.4944	6272	7014
0.5088	7287	8229
0.5003	6581	7382
0.49685	5008	5617
0.4787	3803	4196
0.48825	3827	4276
0.49685	5527	6190
0.48985	4198	4663
0.4877	3674	4061
0.50535	7285	8219
0.49365	7184	8018
0.4943	6301	7045
0.5055	6338	7132
0.4869	4381	4879
0.501	6089	6864
0.50425	6815	7685
0.5055	6575	7372
0.4957	5031	5617
0.4896	5884	6541
0.49205	5030	5617
0.4938	5377	5971
0.5037	3014	3387
0.5089	7669	8651
0.4881	5532	6186
0.49315	4597	5119
0.48995	4633	5139
0.51745	8012	9110
0.49895	6534	7289
0.49955	6268	7032
0.49595	6124	6833
0.50855	6369	7199
0.477	2819	3137
0.4971	5293	5924
0.48965	3393	3759
0.50265	7159	8018
0.495	4417	4972
0.48305	2998	3306
0.5011	6394	7167
0.4913	3675	4116
0.4989	7223	8104
0.4975	7244	8099
0.5013	6138	6918
0.4866	4327	4812
0.5046	6501	7286
0.50155	6869	7683
0.48485	4024	4453
0.4918	4773	5305
0.4971	7064	7880
0.49975	6709	7504
0.4951	6812	7609
0.49445	5889	6583
0.496	6394	7137
0.47805	4456	4865
0.49165	5793	6449
0.50775	7389	8347
0.4862	4338	4803
0.48155	3802	4220
0.5091	6790	7723
0.4916	5197	5761
0.4907	5460	6065
0.50075	6426	7189
0.509	6773	7660
0.49355	6766	7519
0.50845	7413	8384
0.49805	6543	7319
0.4999	6326	7127
0.4998	6779	7606
0.48155	6177	6819
0.5113	7328	8227
0.501	5251	5910
0.50875	7001	7923
0.5112	7462	8413
0.4984	5587	6238
0.4949	4455	4964
0.50465	6286	7071
0.50285	5706	6424
0.4894	4067	4531
0.49565	3128	3492
0.48485	3986	4436
0.4894	5155	5719
0.49005	4984	5531
0.49265	5784	6448
0.4988	6940	7770
0.4931	6354	7070
0.48815	5911	6568
0.4998	6371	7132
0.48605	3852	4270
0.48555	2903	3195
0.48495	2361	2603
0.49415	5769	6426
0.49705	5501	6138
0.4989	6187	6927
0.50415	5253	5905
0.5063	6646	7496
0.50085	7036	7875
0.50215	5064	5715
0.5003	6887	7731
0.50095	5501	6172
0.478	4840	5341
0.4891	5852	6525
0.4836	5077	5647
0.4927	4068	4524
0.4909	5717	6357
0.48595	4337	4802
0.4702	2951	3250
0.4974	5855	6516
0.50155	6952	7797
0.50905	5149	5841
0.4965	7202	8039
0.48455	2796	3108
0.48915	3542	3899
0.4885	4864	5437
0.49035	5274	5840
0.51095	5725	6434
0.4953	5999	6709
0.49235	6583	7341
0.48985	5544	6151
0.4891	3897	4306
0.4989	5869	6562
0.49505	5943	6645
0.4952	5953	6649
0.4894	2026	2240
0.4918	2770	3098
0.48975	5843	6492
0.49055	5470	6069
0.50005	4467	4979
0.4883	3188	3552
0.48625	5165	5718
0.49975	6515	7301
0.47785	3839	4271
0.49865	7273	8107
0.5196	7303	8360
0.4943	6270	7017
0.4879	5891	6554
0.49265	5893	6563
0.49675	3653	4088
0.4913	5277	5897
0.47715	4865	5385
0.50575	6534	7355
0.4856	3090	3431
0.50145	6639	7489
0.4942	6311	7044
0.4939	4832	5398
0.474	4582	5044
0.4995	6217	6988
0.4916	5163	5758
0.50115	6864	7667
0.49305	6395	7136
0.4896	3927	4377
0.5016	6806	7644
0.4931	4144	4588
0.4862	5771	6387
0.49095	6119	6812
0.51565	7673	8719
0.5031	5799	6532
0.4962	6491	7244
0.5001	5953	6693
0.4862	3733	4125
0.50115	7055	7954
0.49795	5032	5631
0.50565	7335	8229
0.50845	7613	8600
0.4902	5965	6638
0.4793	5047	5584
0.4978	6110	6837
0.50485	6932	7831
0.49115	4664	5223
0.48715	5961	6608
0.4821	3479	3856
0.5026	6807	7643
0.49775	6885	7727
0.4934	4622	5136
0.49295	5783	6490
0.50415	4154	4697
0.5095	7685	8700
0.50375	6935	7791
0.4991	5738	6434
0.50325	6052	6795
0.5058	6573	7414
0.5015	5604	6316
0.4888	3784	4193
0.48505	4263	4704
0.50045	5237	5851
0.49855	5381	6059
0.4929	6628	7387
0.48325	5459	6033
0.4957	4231	4749
0.4889	4521	5087
0.48855	4694	5199
0.4837	4982	5534
0.49145	4437	4970
0.50685	5925	6685
0.48415	2687	3004
0.4977	6948	7819
0.49665	5999	6679
0.4889	3946	4400
0.50925	6881	7778
0.50595	7080	7949
0.47805	3289	3614
0.4877	5782	6455
0.50205	6380	7211
0.49105	5703	6354
0.5036	5234	5899
0.51045	7570	8553
0.48345	4452	4930
0.48775	4385	4878
0.49895	5495	6142
0.4854	4590	5086
0.48945	5252	5828
0.49415	6298	6970
0.4634	3125	3396
0.4849	5465	6073
0.48915	4664	5186
0.491	4966	5530
0.49435	5279	5902
0.50315	2875	3253
0.49505	4391	4890
0.49495	4981	5590
0.49105	5498	6099
0.51445	8039	9127
0.4991	6269	7038
0.4934	4613	5162
0.4927	3161	3541
0.5	5831	6570
0.5007	6547	7367
0.4977	5178	5794
0.4961	5412	6071
0.50165	6214	7012
0.4874	5005	5561
0.4965	4248	4693
0.47735	4710	5193
0.49535	5852	6542
0.50945	7659	8614
0.51505	6881	7845
0.51045	6116	6897
0.50335	7292	8205
0.4842	2494	2786
0.48015	3789	4162
0.50085	7289	8125
0.4965	6023	6740
0.48035	2565	2836
0.4996	7181	8042
0.49955	5766	6466
0.49665	6025	6736
0.5015	6137	6901
0.4848	4195	4607
0.4988	5228	5856
0.4985	4982	5572
0.48865	4326	4846
0.51755	7429	8446
0.4814	5832	6430
0.5027	7019	7870
0.5044	6335	7116
0.4965	6209	6929
0.4949	6320	7010
0.4925	6695	7465
0.4805	5173	5736
0.51175	7557	8563
0.5037	6685	7511
0.4933	4944	5491
0.50405	6220	6987
0.49445	6352	7135
0.4727	3355	3704
0.5029	6228	7022
0.51325	6099	6938
0.49185	5828	6460
0.51595	7970	9051
0.50315	6848	7696
0.48865	6525	7232
0.47325	4199	4597
0.4953	6023	6694
0.4901	5966	6637
0.50315	5886	6601
0.50145	4084	4605
0.5122	7809	8851
0.4947	7040	7869
0.4858	3476	3884
0.47445	4175	4588
0.4886	4321	4792
0.51255	7277	8223
0.48925	5137	5734
0.50975	7002	7907
0.49645	4067	4562
0.49085	5122	5684
0.48365	5678	6258
0.514	7322	8321
0.49415	5838	6527
0.50755	6945	7835
0.49095	4229	4722
0.48445	5885	6513
0.49295	5379	6049
0.4886	5548	6166
0.4946	4410	4923
0.4701	3545	3902
0.4921	5473	6116
0.4958	4739	5328
0.47765	3562	3947
0.4955	5175	5767
0.4999	6457	7233
0.4846	6692	7414
0.5005	5244	5909
0.4701	3969	4369
0.51435	6591	7465
0.512	7081	8067
0.50295	6296	7048
0.48895	5319	5936
0.4847	4127	4565
0.50025	5788	6511
0.4869	4751	5288
0.49155	5579	6197
0.49005	5471	6071
0.51225	7872	8915
0.5027	6811	7646
0.48685	4858	5365
0.50625	6290	7083
0.50325	6520	7303
0.4822	6011	6661
0.4931	6012	6662
0.50405	7083	7984
0.50615	5818	6575
0.48	3531	3887
0.4746	2661	2923
0.5124	6233	7050
0.48195	4458	4962
0.4837	4707	5232
0.49045	4458	4977
0.49965	4212	4711
0.4975	4420	4927
0.49635	6774	7531
0.4933	5668	6324
0.4913	4941	5482
0.4938	6025	6735
0.5017	6961	7811
0.4942	2151	2429
0.48275	3862	4286
0.49175	5643	6264
0.4829	4084	4514
0.5109	7894	8896
0.4916	3281	3647
0.493	6325	7085
0.4988	6394	7138
0.4984	6536	7311
0.49755	4423	4934
0.4924	5776	6481
0.502	4142	4639
0.48535	6128	6787
0.5084	7488	8449
0.49755	5823	6531
0.49525	4624	5151
0.4957	6452	7209
0.5054	6709	7567
0.47435	2234	2457
0.4911	4180	4629
0.48155	2689	3023
0.5015	5531	6235
0.5029	7072	7945
0.5046	5955	6752
0.4827	3827	4228
0.4893	5515	6127
0.50335	6901	7721
0.50395	7085	7971
0.4941	4589	5130
0.49375	6060	6767
0.5044	6906	7770
0.4946	6631	7414
0.4877	5661	6247
0.5068	6854	7756
0.4908	5240	5787
0.4794	3086	3392
0.4908	4973	5538
0.5034	7298	8214
0.5048	7054	7939
0.4848	5085	5632
0.4845	4706	5193
0.51045	6748	7627
0.50855	6832	7741
0.4901	5782	6448
0.505	6894	7745
0.4975	2024	2277
0.4911	4209	4686
0.47825	3191	3494
0.49535	4831	5401
0.481	4356	4857
0.49495	3891	4360
0.5028	6637	7437
0.4848	4391	4862
0.5037	5989	6745
0.4739	3576	3922
0.50385	7272	8155
0.50615	7412	8351
0.4879	3891	4335
0.48285	2593	2861
0.51455	7453	8466
0.49115	4811	5361
0.4999	6994	7862
0.50195	7152	8040
0.5066	6846	7706
0.49005	5192	5768
0.49305	6807	7555
0.50085	6387	7171
0.5067	4247	4785
0.4871	4297	4790
0.4968	5300	5926
0.5043	7511	8440
0.49685	7364	8191
0.4906	5646	6305
0.50375	6898	7748
0.49225	5237	5868
0.4934	5477	6052
0.47785	4199	4650
0.49355	4440	4937
0.4951	5823	6554
0.5048	5586	6276
0.50295	7518	8446
0.48705	5389	5994
0.4884	6537	7240
0.4933	4895	5505
0.5101	4293	4858
0.50675	6319	7114
0.4792	2171	2405
0.49575	4866	5466
0.51325	7875	8897
0.49775	6587	7363
0.49975	6591	7385
0.5054	6291	7103
0.4869	5306	5897
0.4981	4562	5108
0.48365	3644	4030
0.49055	5287	5883
0.495	6637	7386
0.48855	5427	6048
0.49775	5993	6711
0.4999	6887	7716
0.49325	5271	5901
0.50175	7220	8159
0.4972	4938	5532
0.48055	4290	4757
0.5104	7149	8036
0.48875	5020	5553
0.48535	3727	4128
0.5012	7246	8129
0.51295	7623	8615
0.49975	5482	6106
0.49765	5532	6219
0.49355	5748	6375
0.5007	6918	7744
0.5072	6692	7552
0.46925	1927	2096
0.4848	3105	3452
0.4919	5679	6343
0.49465	6779	7591
0.4956	5431	6060
0.48075	4510	4985
0.4994	4657	5217
0.48325	3466	3843
0.49595	4797	5370
0.50345	6540	7360
0.5014	6373	7155
0.4889	3961	4436
0.5036	5861	6580
0.50815	7515	8455
0.48805	3013	3336
0.48945	5935	6640
0.47535	4661	5158
0.4754	2761	3028
0.4895	5966	6594
0.4873	4522	4991
0.5028	7122	8025
0.5057	5988	6711
0.4989	6176	6943
0.49485	5403	6029
0.50275	6097	6856
0.489	5928	6576
0.4962	6629	7434
0.49435	6078	6769
0.49415	4872	5443
0.50205	4781	5358
0.48585	3908	4330
0.4922	6622	7344
0.49865	6448	7214
0.49425	4327	4825
0.49475	3382	3746
0.4968	7215	8034
0.4836	3880	4282
0.5071	7407	8382
0.47795	5340	5903
0.50895	7137	8042
0.4977	6450	7224
0.50365	5522	6225
0.50235	6916	7777
0.4905	4668	5188
0.4746	3904	4308
0.5077	6501	7337
0.5042	5801	6532
0.48645	5526	6112
0.4828	5102	5661
0.5007	6326	7104
0.4823	4615	5095
0.4793	5458	6001
0.4884	5034	5581
0.4818	5919	6543
0.49765	5124	5715
0.50465	7235	8140
0.4775	5296	5831
0.5094	7987	8990
0.49505	5306	5911
0.4874	6236	6929
0.5034	7371	8234
0.51105	7381	8321
0.49235	6202	6906
0.50615	7134	8025
0.49615	5470	6134
0.4896	6213	6892
0.4842	4035	4457
0.49295	4207	4703
0.50005	5597	6266
0.50155	6930	7779
0.47265	3162	3473
0.5029	5503	6202
0.4932	5483	6068
0.491	5873	6491
0.50095	5436	6099
0.4804	2986	3281
0.49015	5913	6610
0.47065	4777	5251
0.50325	7394	8296
0.4887	6359	7077
0.49925	6336	7139
0.50255	7273	8132
0.4735	4521	4966
0.4944	5693	6345
0.5113	6764	7655
0.4978	4342	4840
0.4838	4587	5106
0.4977	6792	7552
0.4942	3731	4170
0.4944	4203	4695
0.49775	6494	7310
0.5098	4385	4964
0.49155	4124	4618
0.48815	4979	5549
0.47975	4444	4880
0.488	4563	5084
0.4889	6138	6828
0.48945	3800	4208
0.48515	5370	5961
0.4718	2583	2828
0.4915	3919	4371
0.49565	5855	6591
0.4969	6666	7449
0.4563	1854	2023
0.5054	5862	6655
0.4845	4959	5498
0.49375	6615	7434
0.50915	7217	8137
0.4914	5871	6520
0.48845	6494	7235
0.4944	5698	6398
0.49005	5057	5619
0.4975	4492	5051
0.49075	4967	5527
0.50995	6443	7273
0.4953	5249	5892
0.4677	4247	4634
0.48255	5003	5540
0.4964	6117	6876
0.5041	6677	7546
0.50135	6977	7859
0.4819	5649	6249
0.49305	3395	3769
0.50035	6729	7574
0.4972	3957	4420
0.4878	5102	5660
0.49375	6255	6978
0.49345	4467	4962
0.50675	6693	7549
0.4851	3689	4075
0.50685	7398	8302
0.4923	4732	5258
0.51685	7272	8273
0.4988	5915	6634
0.5047	6550	7417
0.51285	7975	9008
0.4979	6625	7429
0.49625	6430	7217
0.50885	7412	8346
0.49635	4978	5552
0.50975	7278	8208
0.5024	7221	8086
0.5049	6604	7449
0.49775	6613	7432
0.49935	5779	6491
0.49315	5607	6273
0.50995	7131	8078
0.4883	3477	3868
0.4916	4224	4722
0.4801	4844	5345
0.4868	3062	3412
0.48435	5686	6298
0.5121	7643	8629
0.486	5055	5647
0.4983	7000	7812
0.4807	4180	4621
0.48425	4508	4976
0.49815	6431	7199
0.50255	5275	5919
0.4828	3791	4194
0.49085	5335	5936
0.5016	7322	8158
0.5052	6466	7289
0.4835	5986	6634
0.4823	2991	3293
0.49015	5425	6026
0.49025	5602	6248
0.48705	5826	6432
0.49635	6498	7256
0.4864	4497	5005
0.4883	5340	5933
0.5018	6633	7419
0.49925	5612	6295
0.5024	7019	7861
0.5122	7274	8255
0.4952	6072	6739
0.5129	7419	8384
0.4794	4230	4707
0.50565	7658	8604
0.5109	7406	8436
0.50675	6833	7679
0.48935	6077	6769
0.5017	4999	5605
0.5052	6550	7380
0.48965	2901	3248
0.50725	6471	7316
0.49455	4581	5109
0.51585	7595	8653
0.50135	6287	7012
0.48905	5405	6035
0.5068	5830	6603
0.4667	2415	2653
0.4875	4909	5443
0.5	6613	7396
0.49735	7072	7886
0.49325	5568	6251
0.49715	7206	8040
0.4971	6185	6893
0.5077	7098	8014
0.5025	6210	7004
0.5003	6116	6854
0.4944	3905	4344
0.4869	6018	6637
0.4773	3254	3618
0.4942	5686	6356
0.4912	6429	7149
0.496	3443	3859
0.4813	5497	6098
0.49895	6215	6983
0.50175	7082	7874
0.49395	6240	6953
0.48145	5194	5753
0.47715	4213	4665
0.49175	4720	5241
0.4941	6812	7627
0.5165	7756	8829
0.489	3357	3750
0.4986	5840	6522
0.50545	3510	3952
0.48595	6527	7229
0.5077	7094	8023
0.4833	3309	3656
0.5101	7426	8414
0.49525	6716	7478
0.4641	2408	2660
0.48475	2963	3304
0.49925	4688	5274
0.5004	6783	7604
0.5022	6841	7716
0.4961	6573	7356
0.49645	4785	5365
0.4867	6044	6672
0.49665	6312	7070
0.49065	4559	5055
0.4884	5030	5540
0.51915	8315	9472
0.4916	4893	5474
0.4998	6457	7217
0.5161	7559	8575
0.50425	7701	8629
0.4982	5171	5745
0.5083	5965	6760
0.4734	3689	4065
0.49505	5845	6523
0.50285	3983	4484
0.4871	6138	6825
0.50325	5181	5772
0.48275	5346	5948
0.5048	5330	5992
0.5042	6639	7477
0.4822	3715	4114
0.5067	2639	2983
0.4952	6568	7368
0.4998	7386	8259
0.50715	7372	8306
0.48925	6906	7674
0.4872	4314	4759
0.5031	4074	4566
0.4928	5754	6416
0.50445	6612	7458
0.4837	2048	2282
0.50145	5533	6223
0.495	5546	6151
0.51395	7844	8850
0.4869	5932	6585
0.49205	6338	7060
0.49945	6772	7607
0.50775	6675	7547
0.50035	7070	7956
0.50075	6727	7533
0.5026	7121	7989
0.4979	5557	6225
0.49775	5591	6262
0.49955	6874	7710
0.4947	5092	5623
0.498	6585	7385
0.48895	4773	5325
0.49465	6915	7713
0.49	5641	6236
0.5041	6881	7706
0.4999	6684	7509
0.49875	6838	7666
0.4826	4367	4821
0.5019	6593	7411
0.48685	5072	5650
0.5096	7855	8844
0.4856	2814	3137
0.4979	6930	7812
0.5054	5763	6479
0.5049	6984	7860
0.4783	4387	4850
0.4868	4641	5114
0.4938	6505	7209
0.49305	6361	7084
0.49685	4270	4743
0.49195	6978	7748
0.50125	7459	8376
0.48875	4429	4954
0.51225	7688	8725
0.47065	2555	2778
0.48865	4165	4626
0.4882	6448	7179
0.49675	6146	6865
0.4845	5271	5868
0.49025	5333	5905
0.49915	5714	6403
0.49765	5580	6288
0.48065	4305	4760
0.50015	5821	6535
0.50165	6485	7297
0.45455	1862	2030
0.49165	5772	6429
0.4866	5318	5912
0.4817	4386	4850
0.5014	6929	7756
0.489	5387	5996
0.50025	5154	5768
0.49595	6719	7467
0.4898	5827	6521
0.49735	5006	5608
0.4832	5412	5988
0.48755	6342	7023
0.49375	5264	5907
0.4895	5529	6142
0.5118	6960	7920
0.4906	3624	4023
0.486	5424	6019
0.49495	6362	7123
0.477	4839	5322
0.477	4760	5242
0.491	4876	5422
0.50395	7015	7895
0.4959	5919	6627
0.4988	5418	6030
0.49735	6614	7416
0.50195	6243	7022
0.49005	5349	5951
0.49335	5014	5574
0.51035	7392	8358
0.49815	6014	6734
0.4835	5513	6128
0.4871	4160	4624
0.49665	5980	6675
0.4951	5890	6573
0.49	5234	5844
0.4883	4033	4475
0.49295	6135	6854
0.49835	6742	7547
0.498	5920	6619
0.50215	6864	7667
0.50045	6149	6900
0.48485	5355	5957
0.4989	6913	7738
0.49275	5943	6580
0.4894	5533	6111
0.48785	5067	5613
0.4786	2489	2741
0.48115	3784	4199
0.5011	6680	7517
0.49175	5274	5874
0.49805	6926	7709
0.48585	4961	5515
0.49975	5028	5651
0.4999	7158	8021
0.4948	6024	6753
0.48165	2491	2768
0.4848	4908	5397
0.49925	6426	7195
0.49655	6591	7357
0.48915	5616	6218
0.48635	4823	5371
0.4967	5412	6022
0.4758	3122	3444
0.49705	5491	6148
0.4985	6855	7627
0.4969	3828	4275
0.50055	7174	8009
0.4876	4770	5292
0.5123	7067	8022
0.4921	6489	7211
0.5015	6455	7269
0.4962	4561	5117
0.4874	6418	7119
0.5	6595	7405
0.51065	6341	7180
0.491	4969	5553
0.5053	7177	8079
0.49795	6827	7633
0.5062	7517	8496
0.5018	6903	7735
0.4963	3733	4156
0.50895	7543	8518
0.4995	6250	6988
0.4894	6181	6894
0.49775	6423	7216
0.48815	5392	6002
0.50315	7355	8244
0.4811	1967	2203
0.4917	6219	6918
0.4937	4826	5360
0.5002	6048	6788
0.49945	5353	6000
0.4922	5784	6480
0.4958	4680	5240
0.49465	4847	5396
0.49685	6685	7469
0.4885	5269	5842
0.49445	6600	7349
0.4928	5251	5877
0.4977	6588	7345
0.4922	4656	5192
0.4903	6389	7083
0.4919	5256	5915
0.4865	4969	5543
0.5085	5687	6426
0.4984	6689	7491
0.49935	6232	6987
0.50535	7120	7964
0.49715	7123	7973
0.48825	5080	5683
0.4965	5488	6127
0.4768	2414	2681
0.46915	3296	3616
0.50555	5628	6345
0.49495	4762	5300
0.4852	5573	6186
0.4878	4848	5335
0.4824	4100	4499
0.4871	6453	7106
0.47505	1970	2172
0.4915	5207	5785
0.48735	5224	5765
0.48745	4873	5377
0.4919	2826	3161
0.49135	6795	7571
0.4911	5932	6611
0.48275	6334	6990
0.481	5344	5903
0.4971	6843	7603
0.505	7365	8317
0.50625	7360	8302
0.5008	5729	6393
0.47285	4124	4532
0.48295	4173	4591
0.5057	6816	7664
0.50495	5107	5698
0.499	6569	7348
0.5034	6199	6981
0.5063	6966	7842
0.4862	4489	4990
0.47775	3485	3847
0.49765	5962	6621
0.48655	5984	6652
0.49	5777	6397
0.50255	7113	8009
0.4976	5454	6126
0.5028	6449	7236
0.4908	4326	4845
0.49795	6208	6961
0.4949	5727	6388
0.51505	7232	8185
0.50565	4519	5077
0.5197	8123	9236
0.4831	4020	4470
0.48895	5535	6136
0.49395	6005	6737
0.48725	3930	4367
0.50355	6897	7767
0.5018	5953	6665
0.4908	6204	6922
0.49185	5407	6015
0.4879	5563	6184
0.48635	5562	6203
0.4954	6393	7133
0.50265	7104	7958
0.51125	5610	6354
0.48075	2248	2480
0.488	3996	4428
0.4942	6555	7311
0.5072	7723	8636
0.5006	5734	6404
0.49095	6012	6708
0.4991	5264	5889
0.48685	5204	5789
0.49485	6424	7132
0.49875	6282	7046
