#{"length":100,"ensemble_size":5000,"signature":"sq_lattice_bond_percolation__periodic_","delimiter":"	"}
#data at critical occupation probability or pc
#<pc><sites in wrapping cluster><bonds in wrapping cluster>
0.50355	6815	7701
0.4956	5434	6067
0.50345	6716	7564
0.5083	7548	8506
0.50005	6709	7558
0.493	4800	5380
0.511	6507	7356
0.48175	3723	4087
0.47915	3177	3518
0.4937	3857	4337
0.5055	6816	7697
0.50135	7047	7900
0.4856	4328	4804
0.49575	5733	6449
0.502	7234	8102
0.4897	3290	3682
0.50435	7255	8124
0.4999	6741	7554
0.4757	1680	1830
0.4867	5008	5569
0.51305	7919	8940
0.4916	4770	5316
0.4907	5707	6326
0.4888	3602	4031
0.4982	6793	7645
0.49575	6227	6924
0.483	4386	4881
0.5048	6471	7298
0.497	6879	7714
0.50935	5991	6759
0.4912	6159	6864
0.499	6144	6867
0.4864	3285	3660
0.49345	5656	6327
0.4902	5040	5584
0.5069	7216	8121
0.4955	6598	7372
0.49885	4196	4726
0.51635	7637	8668
0.4778	4636	5113
0.49245	5413	6027
0.4851	5435	6055
0.47875	2144	2388
0.5073	6269	7093
0.49145	4881	5426
0.48465	4165	4619
0.4811	4994	5564
0.49015	2837	3142
0.50265	6593	7431
0.4833	4429	4900
0.4923	6218	6921
0.49875	4654	5218
0.4923	5390	6005
0.48665	5829	6439
0.4975	6097	6826
0.5002	7021	7806
0.5047	5907	6645
0.46585	1497	1635
0.4905	4440	4947
0.5034	6793	7623
0.47275	2428	2702
0.48015	3305	3650
0.50115	6885	7710
0.50015	6587	7371
0.48655	4509	5020
0.4848	3434	3805
0.48535	5510	6078
0.49645	5501	6176
0.495	6339	7093
0.4911	4387	4897
0.4947	6085	6806
0.49	2916	3259
0.50585	5849	6598
0.50435	7325	8236
0.4988	6472	7233
0.49485	4696	5227
0.49665	4763	5315
0.4697	3375	3751
0.4843	5943	6574
0.50945	7063	7949
0.50725	7514	8471
0.4927	3120	3495
0.48435	2639	2934
0.5128	7745	8719
0.4892	6077	6755
0.48605	3878	4277
0.5062	7316	8202
0.4801	4821	5315
0.49025	6793	7552
0.49175	5611	6226
0.49195	5085	5651
0.4994	4316	4826
0.49245	5695	6339
0.47785	2102	2325
0.497	7386	8253
0.4911	6761	7476
0.4978	6789	7631
0.48515	5347	5934
0.50845	7553	8549
0.4946	5893	6611
0.47655	3540	3920
0.5042	6968	7837
0.488	5503	6104
0.4774	4528	5014
0.50545	5688	6397
0.49435	2733	3054
0.49975	6307	7062
0.4876	5738	6350
0.48955	6030	6709
0.48175	3992	4411
0.48385	4868	5424
0.50205	7229	8086
0.48215	2848	3159
0.4978	3778	4278
0.5003	4879	5423
0.4814	2866	3147
0.4815	3099	3444
0.4889	5912	6541
0.48515	4824	5328
0.50365	6756	7590
0.5091	7247	8180
0.4925	5895	6552
0.50665	5948	6734
0.50635	6768	7669
0.48195	3356	3742
0.50915	6171	6969
0.5089	7790	8758
0.48885	5910	6536
0.4991	4482	5024
0.49335	5257	5844
0.48735	5268	5868
0.4791	3986	4389
0.48845	6600	7338
0.50845	7016	7894
0.4894	3272	3632
0.4895	5338	5967
0.4814	4678	5197
0.5046	6916	7779
0.47505	3582	3945
0.47495	4383	4837
0.5057	6468	7269
0.48395	4536	5007
0.4908	6464	7172
0.50575	5556	6277
0.5009	6396	7188
0.507	7013	7903
0.49335	6504	7225
0.488	6365	7039
0.48655	4716	5247
0.4978	4787	5385
0.4936	4954	5509
0.4948	4858	5407
0.4807	2397	2664
0.50745	7510	8498
0.48045	3228	3583
0.4787	3092	3413
0.4914	5479	6088
0.49905	6880	7678
0.48645	5568	6178
0.49855	6164	6883
0.48445	2691	2997
0.4944	4019	4479
0.49815	6521	7304
0.48465	5040	5617
0.50525	5344	6030
0.4822	2751	3016
0.4783	4158	4611
0.48475	5172	5759
0.50085	6427	7220
0.49105	4454	4946
0.49305	7349	8143
0.4802	4668	5125
0.507	6899	7763
0.5025	7060	7935
0.4719	4697	5185
0.5011	7186	8069
0.4989	6522	7294
0.48795	2356	2612
0.48555	5349	5962
0.4878	3329	3684
0.5036	7434	8343
0.48155	4059	4486
0.48695	3871	4270
0.4858	4820	5348
0.48325	3846	4238
0.49405	6445	7195
0.5017	6578	7383
0.4832	4660	5173
0.4838	6409	7135
0.50155	6772	7590
0.50205	7343	8221
0.4905	3332	3668
0.5	3241	3648
0.4858	3606	4012
0.51195	7349	8291
0.4991	5699	6410
0.50125	6020	6756
0.49395	5069	5666
0.4894	5988	6670
0.5027	6486	7293
0.5008	7034	7903
0.5167	7592	8586
0.4964	6350	7115
0.48915	3506	3886
0.5031	6577	7367
0.49325	6394	7115
0.49555	6805	7562
0.48445	3211	3561
0.50435	6836	7708
0.48535	5638	6232
0.48085	2132	2344
0.46875	3164	3474
0.4958	6450	7208
0.48255	2466	2708
0.4909	3017	3354
0.50065	6663	7502
0.49805	6663	7464
0.5067	6092	6898
0.5006	6724	7532
0.48995	3659	4076
0.48325	5334	5885
0.4897	4773	5339
0.4944	6165	6843
0.4946	4737	5279
0.49215	6765	7525
0.501	6657	7479
0.49805	5121	5757
0.4765	5736	6297
0.4997	5135	5804
0.4841	3360	3726
0.48475	3979	4417
0.4968	5794	6459
0.4972	6101	6802
0.49835	6760	7581
0.4907	6421	7157
0.4961	6907	7677
0.51625	7296	8274
0.4995	4224	4744
0.4973	6894	7717
0.5038	6868	7733
0.49325	4105	4574
0.4974	5928	6687
0.51555	7312	8320
0.4733	4154	4558
0.49255	5303	5873
0.4893	4612	5156
0.48995	6522	7228
0.4958	7051	7885
0.48575	2433	2712
0.482	2547	2812
0.47485	4933	5435
0.5028	4016	4539
0.48305	5653	6293
0.4765	3487	3886
0.4739	3960	4342
0.48795	5450	6052
0.5028	5963	6716
0.50445	7283	8171
0.5008	6185	6938
0.49415	5701	6349
0.5035	6766	7644
0.4797	2753	3027
0.4969	5176	5798
0.48575	4047	4487
0.49705	6602	7361
0.49835	4744	5296
0.4905	4592	5090
0.48645	4601	5104
0.51135	6582	7456
0.4854	3941	4351
0.5052	6109	6898
0.49845	5682	6367
0.49995	7211	8067
0.50125	4247	4750
0.4842	5242	5822
0.4916	4408	4909
0.48505	5287	5853
0.48895	3748	4186
0.5009	7100	7951
0.5011	7083	7939
0.49615	6472	7234
0.4962	6158	6831
0.4922	6627	7378
0.50655	6913	7740
0.49925	4541	5071
0.4798	2692	3008
0.48335	3608	3983
0.49675	5921	6592
0.49045	6504	7252
0.4918	5253	5860
0.4929	5558	6215
0.4854	5946	6590
0.50005	6680	7506
0.49175	4366	4867
0.50015	6440	7177
0.5158	7322	8309
0.4961	6337	7086
0.5037	6410	7210
0.49825	7028	7886
0.5102	7125	8063
0.5017	6827	7652
0.4898	5081	5652
0.49155	5361	5968
0.4839	5513	6109
0.4901	5174	5730
0.4856	6467	7187
0.4822	4808	5321
0.51055	7881	8894
0.47565	4755	5259
0.49425	5381	6014
0.50495	6529	7347
0.5105	6872	7769
0.50665	6570	7409
0.4878	5001	5546
0.48855	3990	4463
0.5033	7550	8497
0.49825	7389	8240
0.47325	4835	5318
0.50335	6877	7723
0.4953	5744	6426
0.5016	7143	8014
0.49205	5762	6428
0.48545	6457	7170
0.5022	6857	7714
0.4773	1979	2194
0.4979	5667	6362
0.4965	2929	3281
0.50375	6988	7848
0.5185	7684	8730
0.5063	6828	7700
0.50545	7393	8360
0.48835	5739	6380
0.4935	5085	5692
0.4935	5638	6308
0.49475	5337	5967
0.49955	6130	6846
0.48095	3561	3963
0.4997	7099	7963
0.48735	5819	6455
0.5048	6604	7423
0.5035	5330	5963
0.48935	5181	5786
0.50275	6118	6889
0.4834	6062	6702
0.4924	4076	4530
0.47845	5192	5710
0.49385	6301	7014
0.48275	4961	5481
0.50155	6967	7784
0.4929	6412	7145
0.49065	5290	5880
0.4833	2474	2710
0.48125	4191	4640
0.5026	6924	7718
0.5043	6184	6954
0.489	5956	6632
0.5242	8221	9434
0.491	6043	6758
0.50175	6812	7637
0.49515	3629	4053
0.49685	5463	6107
0.49175	5140	5744
0.4633	2809	3071
0.5073	6621	7452
0.49905	5047	5630
0.50415	7599	8544
0.50095	6592	7395
0.4851	4297	4740
0.4916	3905	4374
0.4855	4747	5246
0.4856	5587	6178
0.5092	7239	8195
0.49575	5279	5836
0.5019	5572	6255
0.4833	3631	3990
0.48695	5259	5839
0.5005	4681	5286
0.4844	5607	6186
0.5041	7335	8216
0.4833	2907	3220
0.50775	7270	8221
0.48525	4879	5405
0.4906	4942	5491
0.4802	4355	4774
0.48475	6095	6742
0.496	4874	5440
0.4978	6510	7296
0.49395	5035	5664
0.5024	6562	7393
0.4932	6482	7254
0.5037	6865	7784
0.493	2991	3344
0.49885	2797	3135
0.4767	3776	4163
0.47455	4448	4879
0.49255	5679	6322
0.50555	5770	6514
0.49305	5689	6364
0.5056	7101	7954
0.49655	6310	7078
0.49695	6275	6993
0.4984	5979	6692
0.49765	6073	6811
0.4831	4130	4595
0.495	5931	6574
0.49415	7247	8063
0.49485	6437	7207
0.47835	2993	3305
0.47685	4766	5237
0.4803	3576	3984
0.49175	2821	3126
0.4814	4283	4747
0.5058	6232	7031
0.5024	5130	5776
0.4948	6477	7195
0.50815	6002	6795
0.51475	7955	9039
0.4698	2433	2682
0.5024	7371	8296
0.49765	6146	6884
0.50495	6880	7748
0.4902	5256	5842
0.5108	6113	6919
0.50315	5638	6343
0.49125	7220	8024
0.49465	6264	6981
0.50695	6709	7572
0.48935	4592	5106
0.4934	6954	7742
0.5076	6343	7146
0.4998	4480	5040
0.50695	7460	8412
0.495	5943	6608
0.4908	5790	6426
0.49535	5668	6370
0.5073	7100	8034
0.49585	4755	5336
0.51545	7913	8972
0.48795	6005	6654
0.4845	3267	3632
0.5164	7822	8866
0.50835	7462	8378
0.4709	2408	2648
0.49745	5326	5957
0.4971	4360	4857
0.49655	6282	7040
0.4938	4720	5262
0.4849	5687	6274
0.49075	5901	6576
0.5078	6812	7696
0.4983	6031	6722
0.5018	6844	7717
0.4868	6569	7232
0.49455	4986	5570
0.5036	6941	7790
0.50005	5788	6476
0.5122	6600	7455
0.4764	4011	4393
0.49755	5556	6220
0.4972	6593	7390
0.46625	3413	3741
0.48335	1872	2068
0.4965	5934	6664
0.5072	7061	7941
0.49325	6434	7134
0.4764	2502	2764
0.5063	6960	7822
0.49155	2171	2418
0.51175	6792	7660
0.49475	4969	5556
0.5102	7283	8240
0.4981	6653	7409
0.49265	4859	5420
0.49615	5987	6693
0.48035	4100	4521
0.48655	2998	3343
0.50465	6365	7167
0.4901	5264	5868
0.50525	7136	8057
0.4888	5919	6604
0.49395	5470	6110
0.50055	6676	7496
0.49135	6661	7395
0.50175	6911	7753
0.5006	5627	6293
0.5061	5983	6727
0.5011	3683	4108
0.5041	6350	7117
0.47435	3652	4042
0.5	4548	5084
0.4875	5652	6269
0.4979	6155	6870
0.4802	4246	4667
0.49085	5935	6547
0.4966	4994	5569
0.4964	4770	5336
0.4888	5618	6211
0.48885	5146	5749
0.4784	2186	2430
0.50145	5875	6612
0.5018	4737	5317
0.4987	6326	7111
0.4823	5597	6186
0.4837	5810	6445
0.50265	6571	7405
0.50505	7441	8391
0.4859	6025	6729
0.4888	5088	5646
0.4924	3228	3568
0.48605	4650	5145
0.483	3521	3906
0.4994	5272	5913
0.485	5786	6434
0.4966	6825	7585
0.5001	6010	6753
0.4914	7100	7860
0.4911	6126	6815
0.49775	6163	6856
0.4929	4734	5265
0.48415	3546	3954
0.495	4664	5208
0.49705	5922	6578
0.47105	2852	3136
0.4944	5016	5603
0.49315	5841	6523
0.49775	6781	7600
0.494	4049	4510
0.4911	6025	6725
0.48865	5961	6639
0.49305	6254	7013
0.50115	6761	7623
0.51265	7116	8069
0.5007	6091	6825
0.48705	3417	3760
0.47785	3696	4090
0.49985	7303	8167
0.48435	3721	4114
0.4853	4297	4733
0.49135	6491	7175
0.47665	3749	4168
0.48365	3330	3687
0.48875	6319	6967
0.50605	7437	8349
0.4925	4409	4897
0.5087	7009	7919
0.51145	7637	8664
0.4838	4806	5309
0.50255	7274	8187
0.4932	6224	6941
0.49755	6016	6746
0.48	4730	5230
0.49545	6255	6952
0.48765	2614	2897
0.49175	5962	6651
0.49815	5923	6663
0.49755	7465	8319
0.49155	5498	6117
0.4916	5768	6434
0.4832	5822	6444
0.4948	6820	7637
0.49295	4644	5154
0.49075	4830	5375
0.50335	5631	6315
0.49065	4603	5114
0.47915	3519	3876
0.511	5849	6629
0.4988	7237	8082
0.502	6565	7396
0.47655	1983	2162
0.4818	4853	5349
0.48195	5354	5922
0.50105	4218	4745
0.4828	3904	4333
0.5041	5981	6752
0.50175	5918	6636
0.48575	3794	4174
0.5028	7577	8477
0.4871	5371	5958
0.49585	6168	6889
0.49365	6475	7209
0.4828	5760	6374
0.4968	5114	5730
0.4956	5763	6440
0.47545	3817	4230
0.5047	6378	7171
0.49675	6202	6907
0.47825	2739	3024
0.50655	7056	7965
0.5177	7898	8994
0.49045	2534	2831
0.48945	6249	6961
0.4937	6195	6899
0.5009	6113	6848
0.50505	7785	8760
0.4822	3003	3335
0.4912	5733	6384
0.4969	5960	6691
0.47335	4519	4966
0.49705	6258	7026
0.5066	6330	7130
0.49575	6417	7194
0.50055	6671	7488
0.50175	7252	8177
0.50165	7153	8007
0.50125	5830	6509
0.48815	3973	4407
0.4846	3428	3800
0.48835	2639	2933
0.4963	7054	7900
0.49555	4465	4976
0.50895	7535	8516
0.5013	6590	7403
0.49845	5704	6376
0.50725	5486	6178
0.47455	2994	3322
0.4844	4420	4910
0.4796	3824	4240
0.51225	6717	7600
0.5075	7011	7910
0.48665	5873	6532
0.50175	6260	7036
0.4962	4934	5548
0.4884	5148	5715
0.5089	6575	7421
0.51535	7574	8598
0.4827	4990	5519
0.51	2462	2775
0.49425	5151	5749
0.5051	6061	6840
0.4803	3319	3680
0.51155	6787	7703
0.47765	2001	2187
0.5047	6712	7595
0.48055	3725	4140
0.4815	2933	3259
0.50545	6386	7183
0.48105	4315	4775
0.4883	4713	5258
0.4973	6964	7781
0.47895	2249	2476
0.49935	6080	6819
0.4836	2429	2711
0.4986	6861	7668
0.5126	7703	8732
0.5082	7686	8694
0.4955	6276	7044
0.4904	5658	6283
0.49725	5574	6263
0.5058	6646	7461
0.49815	3607	4038
0.5021	6875	7765
0.49605	5295	5923
0.4817	2654	2957
0.5007	6072	6785
0.48445	4027	4483
0.50395	6726	7595
0.4953	6098	6832
0.4847	3057	3375
0.50045	6807	7673
0.50255	5471	6179
0.5075	7199	8129
0.4889	6367	7092
0.5004	5497	6223
0.5027	6163	6914
0.4918	6535	7271
0.49385	4737	5288
0.5008	6888	7689
0.5045	3994	4516
0.49335	5432	6044
0.49545	6585	7362
0.5071	7209	8144
0.4954	6918	7726
0.488	5544	6149
0.5039	7217	8099
0.50035	7639	8506
0.48875	3939	4373
0.5006	4411	4945
0.483	5121	5662
0.5046	5852	6596
0.5076	7336	8258
0.4939	5602	6210
0.4749	3089	3421
0.47865	4495	4975
0.4968	6891	7714
0.48435	3691	4061
0.48825	3809	4254
0.47585	5290	5853
0.4998	6373	7132
0.48405	2225	2480
0.49305	6291	6980
0.4991	7153	8035
0.5076	6754	7642
0.48525	4952	5467
0.50085	2792	3105
0.492	5262	5863
0.4925	6062	6694
0.49995	5072	5698
0.488	4496	4973
0.49415	6465	7189
0.49285	4179	4657
0.49875	6188	6913
0.48425	3197	3586
0.48765	5202	5767
0.49365	5187	5794
0.4973	6162	6879
0.48865	3336	3705
0.50385	6689	7547
0.49985	6403	7168
0.4785	5086	5612
0.4968	6797	7537
0.50555	6484	7319
0.4944	5115	5678
0.498	4264	4769
0.49985	6080	6783
0.48965	5094	5645
0.5001	4323	4859
0.49105	4605	5125
0.51145	7829	8828
0.5128	7550	8552
0.50585	6295	7092
0.5106	7611	8645
0.4904	6376	7102
0.4825	4318	4772
0.51175	7546	8531
0.4893	2555	2838
0.49465	6455	7193
0.484	4066	4555
0.485	4605	5083
0.48335	3969	4417
0.4896	6345	7036
0.50045	6428	7186
0.5158	7586	8613
0.5058	7099	8011
0.49815	6107	6858
0.50205	6877	7745
0.4871	5388	5971
0.49255	4226	4720
0.49505	5684	6389
0.5117	7764	8775
0.49585	5646	6321
0.4829	4551	5051
0.48985	5364	5976
0.5003	5986	6670
0.4894	5398	6024
0.48545	4906	5429
0.4957	6999	7811
0.5	5869	6579
0.4986	4419	4961
0.471	3456	3789
0.4991	6146	6895
0.4944	5846	6507
0.49675	6196	6916
0.51125	7692	8697
0.5133	7686	8752
0.5072	2119	2390
0.48465	4078	4528
0.50675	5953	6729
0.51095	7609	8578
0.4986	4764	5348
0.4953	6367	7112
0.5081	6941	7851
0.4846	4755	5314
0.4904	5201	5769
0.47615	2617	2889
0.4797	5003	5480
0.48825	5792	6416
0.50185	6914	7744
0.49485	6425	7176
0.48615	5513	6131
0.49385	6043	6765
0.48245	4668	5206
0.5065	6559	7429
0.49115	6120	6808
0.5042	6846	7684
0.4989	3990	4483
0.50745	6683	7588
0.49935	6536	7279
0.49735	6004	6708
0.4856	4622	5111
0.4867	2455	2737
0.49145	5094	5650
0.49275	3038	3365
0.4819	3360	3728
0.4881	5860	6569
0.50025	4009	4479
0.50135	7095	7995
0.48445	2694	2997
0.48985	5388	6002
0.5004	5223	5872
0.5008	7179	8071
0.49955	6740	7557
0.4914	5278	5847
0.48985	4804	5344
0.4728	2965	3260
0.4828	3595	4005
0.49465	6206	6924
0.4993	6221	6990
0.4914	5546	6179
0.47925	3277	3660
0.509	6687	7528
0.49545	5910	6595
0.50655	6095	6846
0.501	7352	8197
0.5016	6754	7590
0.49665	5472	6117
0.48855	4974	5526
0.4995	5815	6500
0.4827	4704	5196
0.5045	6337	7155
0.4843	3919	4353
0.4975	5158	5774
0.4897	5380	5996
0.50095	5729	6413
0.4983	7433	8323
0.5125	7266	8230
0.48385	5407	5998
0.49465	6388	7111
0.48675	5674	6315
0.49745	4839	5390
0.4956	3247	3630
0.47675	2891	3195
0.48335	4083	4515
0.4955	6792	7581
0.4947	5790	6452
0.49655	6096	6841
0.4912	5835	6482
0.49805	5509	6190
0.4966	6281	7017
0.5017	6360	7138
0.49405	3769	4235
0.4948	5834	6478
0.5042	7913	8860
0.4834	4866	5399
0.4821	2927	3247
0.49925	6741	7511
0.4927	6870	7626
0.50555	7591	8585
0.4872	5865	6510
0.497	6241	6962
0.501	6979	7833
0.4914	6381	7116
0.50415	7628	8545
0.4901	5538	6120
0.4926	4601	5121
0.5048	6282	7101
0.5023	6568	7399
0.4964	6604	7365
0.4877	5400	5979
0.49655	6190	6905
0.50625	7213	8110
0.4998	6393	7134
0.47955	6575	7255
0.50365	6890	7736
0.48935	4898	5490
0.50215	6138	6882
0.50705	7275	8203
0.50385	6563	7392
0.49205	4485	4946
0.50325	6459	7200
0.4847	4521	5019
0.4975	6516	7284
0.4973	6774	7587
0.51905	7709	8813
0.49525	6917	7708
0.4971	6719	7510
0.50055	5868	6582
0.4999	5636	6282
0.4899	5765	6407
0.48355	2502	2762
0.50425	6917	7772
0.47995	3874	4273
0.4972	6337	7060
0.49575	3139	3488
0.5055	7082	7968
0.48715	3051	3387
0.49415	5225	5814
0.48085	5028	5576
0.49885	6772	7576
0.49565	6427	7115
0.49025	5226	5808
0.5117	7042	7988
0.48525	5576	6172
0.49015	5446	6063
0.5022	6888	7725
0.4691	2789	3118
0.49735	5854	6539
0.50525	6849	7729
0.47965	3451	3841
0.4792	4856	5362
0.48805	5214	5778
0.4993	6675	7519
0.47645	4149	4578
0.48695	6054	6689
0.511	6665	7562
0.51705	7721	8776
0.4858	3292	3684
0.504	7197	8122
0.4854	5827	6445
0.4841	5481	6079
0.50035	5395	6027
0.4852	3255	3627
0.4869	4845	5349
0.48475	5896	6527
0.4979	5056	5702
0.4814	4008	4414
0.49145	6282	6999
0.5026	4997	5610
0.49835	6031	6749
0.49125	4102	4590
0.47155	3145	3483
0.48905	5663	6275
0.49565	6817	7590
0.4935	6076	6736
0.5092	7473	8453
0.49625	6735	7475
0.4989	5511	6172
0.4981	5735	6418
0.50315	7018	7895
0.4876	4625	5165
0.48985	3954	4411
0.5076	7593	8559
0.479	4515	4975
0.4936	7286	8077
0.49335	6504	7257
0.4903	6555	7288
0.5028	6346	7133
0.4926	5989	6655
0.49045	6207	6906
0.49875	6405	7161
0.5	6473	7257
0.49905	5587	6263
0.4868	5539	6141
0.47465	1688	1865
0.48905	6383	7082
0.50885	7747	8734
0.504	3852	4343
0.48395	5765	6407
0.495	5786	6452
0.48925	4365	4834
0.49025	6151	6836
0.5097	7030	7948
0.49545	6651	7465
0.48835	3877	4286
0.494	5488	6132
0.504	7194	8082
0.50055	6711	7549
0.49345	5872	6504
0.48815	4880	5435
0.5115	6708	7597
0.4949	4527	5036
0.5075	6804	7697
0.495	6279	7002
0.4847	3714	4144
0.4942	5990	6696
0.51965	7976	9024
0.51075	7071	8002
0.50605	4428	4977
0.49235	6082	6754
0.4887	3943	4396
0.51015	6965	7913
0.47285	4786	5289
0.5047	6885	7760
0.4878	6272	6948
0.49665	4597	5166
0.4697	3063	3391
0.4997	5197	5858
0.49485	4850	5426
0.4867	4270	4753
0.50185	7076	7986
0.4809	6052	6670
0.51345	7669	8678
0.4798	4896	5409
0.49655	3731	4166
0.49895	4995	5596
0.4883	4334	4828
0.49415	6272	7043
0.485	5753	6340
0.4874	4094	4540
0.5018	7434	8290
0.4896	5232	5818
0.50445	6960	7820
0.4875	3190	3533
0.4957	4336	4863
0.4806	4596	5072
0.50115	5684	6384
0.4997	5962	6678
0.4911	4161	4602
0.49835	6290	7086
0.4972	6384	7160
0.4889	5432	6043
0.49525	6639	7429
0.50205	5129	5778
0.5016	6392	7163
0.49925	7220	8100
0.49095	4939	5456
0.5114	6776	7653
0.4992	6383	7122
0.4988	5473	6149
0.48805	5186	5758
0.48635	4188	4645
0.5062	6391	7193
0.51145	6644	7530
0.50065	6945	7770
0.49225	6181	6904
0.50365	6191	6936
0.48535	5696	6311
0.48215	2897	3161
0.503	6360	7125
0.50815	7646	8574
0.48	5424	5978
0.5081	6752	7654
0.49155	5311	5901
0.4944	5673	6348
0.50105	7020	7916
0.4958	5543	6215
0.4897	5353	5956
0.48745	6163	6847
0.4888	4831	5354
0.49385	5018	5606
0.49835	7123	7984
0.4689	4215	4610
0.49055	6062	6720
0.49925	5937	6662
0.49795	3216	3628
0.49815	7046	7852
0.50615	6757	7603
0.50165	6722	7526
0.49225	3720	4152
0.5185	8003	9115
0.4946	6401	7153
0.4876	4655	5199
0.4832	4728	5254
0.48165	3879	4322
0.5087	6267	7067
0.50375	7066	7951
0.5041	7270	8171
0.4893	3685	4084
0.5008	5819	6542
0.50855	5141	5822
0.49195	5874	6513
0.5037	6029	6783
0.50095	5948	6661
0.4894	5986	6674
0.4815	3364	3727
0.50035	7471	8355
0.4834	3084	3408
0.5025	7536	8402
0.4928	6352	7069
0.497	5886	6610
0.50165	7099	7964
0.4885	3676	4082
0.48945	4342	4822
0.488	6011	6647
0.49315	5978	6662
0.50745	7282	8190
0.4961	5300	5929
0.48825	4406	4890
0.48285	4864	5412
0.506	6750	7583
0.49785	6776	7546
0.50035	7238	8084
0.49845	6817	7594
0.49765	4794	5374
0.49715	3235	3618
0.49435	6086	6860
0.50585	6704	7539
0.505	6835	7706
0.4915	4406	4875
0.5078	6190	6976
0.50245	7084	7968
0.4935	5581	6231
0.5092	6156	6996
0.4964	5980	6677
0.5083	7334	8290
0.4952	5077	5651
0.51115	7392	8342
0.50935	5292	5989
0.5051	7087	7980
0.5043	6653	7533
0.4854	2298	2535
0.4985	7152	7994
0.50055	5138	5747
0.4806	5961	6535
0.473	3318	3651
0.47955	5166	5706
0.499	6419	7204
0.51025	5266	5964
0.49315	4423	4907
0.48095	5404	6002
0.4874	3624	4025
0.50515	7217	8145
0.4895	4699	5266
0.4884	4641	5178
0.4938	5153	5751
0.5058	6819	7662
0.50405	7261	8136
0.4924	5418	6035
0.48545	4237	4701
0.5025	6598	7442
0.49715	6474	7280
0.50465	3461	3890
0.49655	5616	6287
0.4917	5119	5696
0.4963	6519	7280
0.47175	2271	2520
0.49195	5436	6056
0.49855	4523	5066
0.49635	4333	4848
0.49095	5396	6005
0.5104	7619	8607
0.5018	6529	7321
0.48425	2407	2663
0.4988	7170	8013
0.49785	5875	6612
0.49495	6610	7412
0.4905	3762	4220
0.48835	4334	4836
0.5017	7011	7922
0.47725	3321	3646
0.50415	6419	7214
0.5036	7409	8325
0.48955	6559	7332
0.50025	4684	5259
0.4793	4009	4459
0.4754	2535	2776
0.4972	7029	7833
0.50355	7057	7932
0.4762	2327	2546
0.49585	6535	7311
0.4763	3116	3431
0.48845	5680	6322
0.49845	6241	6978
0.5038	6083	6852
0.50175	5845	6535
0.49025	4026	4454
0.48445	4378	4836
0.4919	4126	4598
0.4948	6226	6944
0.5034	6084	6844
0.5037	6357	7123
0.50355	7540	8467
0.50465	6211	6980
0.4953	6069	6791
0.49385	5943	6649
0.4983	6504	7308
0.4863	4641	5159
0.4893	6128	6802
0.4845	5784	6442
0.493	6283	7011
0.49875	6072	6821
0.4936	5605	6287
0.4919	5168	5786
0.5016	7057	7920
0.50675	7660	8665
0.51075	7251	8168
0.5054	5775	6470
0.50075	5684	6388
0.4887	6022	6715
0.4875	4415	4913
0.49025	3706	4111
0.49845	6892	7739
0.5017	7032	7872
0.50715	4824	5488
0.5012	6613	7426
0.4866	5401	5965
0.48845	5524	6130
0.489	4377	4890
0.5035	5317	6000
0.49105	4346	4823
0.4859	4616	5100
0.5091	7681	8653
0.48055	2583	2844
0.4959	6611	7379
0.4893	5492	6110
0.49845	6191	6928
0.5038	4746	5332
0.4938	4710	5215
0.49235	6410	7129
0.4945	5705	6365
0.49135	6122	6818
0.4999	6844	7654
0.5006	7197	8046
0.50165	6612	7385
0.4845	4932	5458
0.49085	6823	7551
0.49325	6737	7533
0.49735	6526	7326
0.4885	6026	6679
0.48825	5034	5584
0.49995	7166	8059
0.49425	6886	7674
0.5141	7518	8539
0.4937	5972	6658
0.4915	5505	6124
0.49615	6401	7158
0.49885	2879	3233
0.47735	6053	6659
0.48945	6068	6769
0.48585	3820	4214
0.51545	7377	8390
0.50665	6988	7889
0.5141	7415	8384
0.4964	4064	4580
0.5002	6572	7377
0.50405	6145	6943
0.4845	4933	5421
0.49725	7127	7957
0.48635	3591	4009
0.5	6696	7489
0.4923	6313	7066
0.4978	5436	6052
0.47895	5852	6505
0.5026	4665	5224
0.49615	5685	6365
0.50605	6053	6834
0.4544	2079	2283
0.51265	6991	7926
0.50215	5990	6718
0.49485	5811	6463
0.49975	6531	7275
0.4992	5119	5739
0.4921	4828	5372
0.4999	5204	5839
0.4783	4465	4909
0.4872	4687	5217
0.48465	4389	4863
0.497	6373	7113
0.48825	5420	6060
0.496	6340	7109
0.47685	2278	2530
0.48405	4134	4593
0.50185	4110	4630
0.4919	5050	5644
0.49365	5786	6455
0.50245	6636	7457
0.47565	4311	4762
0.49855	6894	7718
0.4831	5003	5547
0.49385	5887	6566
0.5011	6527	7341
0.51025	7259	8245
0.50475	6429	7226
0.4992	6870	7727
0.4931	6466	7171
0.50735	6436	7291
0.48475	4828	5344
0.5027	6145	6892
0.4914	5670	6315
0.4988	6924	7725
0.4938	6232	6934
0.4944	4162	4621
0.49215	6228	6958
0.4784	3272	3587
0.50135	6904	7747
0.5002	7171	8018
0.49485	4098	4556
0.49905	7171	8031
0.49375	5666	6295
0.48135	2495	2758
0.50015	7494	8381
0.4995	6215	6976
0.4872	4283	4808
0.4873	5624	6232
0.49765	6612	7375
0.4956	6024	6721
0.50085	5688	6390
0.4852	2437	2700
0.49325	5580	6253
0.48835	6639	7374
0.4819	4368	4838
0.4885	6306	7001
0.4756	4392	4873
0.5075	7425	8399
0.4946	5486	6094
0.4953	4433	4941
0.4753	3962	4368
0.5048	6469	7279
0.49585	5909	6598
0.50165	6939	7809
0.49055	6508	7227
0.51505	7620	8642
0.4912	6337	7056
0.50245	7268	8131
0.49895	2712	3024
0.50305	7161	8021
0.49115	6031	6694
0.484	3887	4310
0.48215	4865	5387
0.48885	5740	6433
0.4959	6192	6914
0.4964	3928	4363
0.47805	3853	4261
0.50445	6560	7416
0.4927	5396	5966
0.49585	6173	6882
0.4823	6262	6951
0.4773	5465	6039
0.4935	5615	6243
0.4848	4171	4611
0.4843	5875	6494
0.46615	1687	1842
0.48855	5560	6189
0.49905	6952	7793
0.4864	4308	4770
0.51075	7122	8013
0.48645	2784	3064
0.49835	5698	6388
0.4891	6182	6866
0.49245	5041	5613
0.5003	6527	7336
0.50565	7649	8612
0.4913	6654	7402
0.4923	6202	6928
0.49	6363	7079
0.49645	6118	6829
0.4743	3025	3335
0.49685	4966	5546
0.49015	5350	5949
0.4908	6398	7072
0.5003	6636	7415
0.49495	6749	7546
0.4995	4519	5059
0.49925	4893	5512
0.49895	6991	7831
0.50125	6740	7566
0.494	5569	6229
0.4939	5451	6066
0.49425	6157	6892
0.51205	7029	7946
0.50005	4412	4934
0.50125	7185	8043
0.4941	2449	2716
0.5107	7385	8401
0.504	5942	6637
0.4958	3494	3888
0.487	3988	4416
0.4965	6323	7107
0.4952	7204	8088
0.48735	2763	3085
0.50165	4948	5566
0.51065	7719	8702
0.4831	6095	6761
0.4915	5054	5639
0.4944	6955	7765
0.4897	4426	4904
0.5003	4257	4800
0.47835	4871	5363
0.4918	4653	5182
0.50285	7621	8536
0.48625	4732	5250
0.49635	6598	7370
0.477	5718	6263
0.4921	5014	5607
0.491	5116	5708
0.49465	5699	6320
0.4968	5702	6374
0.5037	6321	7127
0.50405	6621	7476
0.4707	2989	3281
0.48895	4902	5476
0.50875	7721	8691
0.48715	3325	3716
0.4983	6613	7412
0.50165	4648	5238
0.50995	7520	8464
0.506	7232	8202
0.4895	5793	6440
0.4985	6675	7467
0.4942	6925	7726
0.49795	7084	7905
0.49755	5826	6491
0.49885	7033	7884
0.4966	4002	4495
0.5084	4162	4699
0.5017	5875	6622
0.50685	7744	8717
0.4928	2835	3166
0.50455	6238	7049
0.4767	2017	2199
0.50845	7472	8409
0.50705	7203	8114
0.5023	5877	6579
0.4842	5262	5824
0.4873	2555	2859
0.4975	6698	7457
0.4894	4326	4840
0.48275	5688	6287
0.49505	6473	7205
0.48265	5033	5608
0.49325	6598	7368
0.4911	5363	5985
0.5028	6260	7012
0.50625	3135	3518
0.50335	7348	8208
0.49115	5476	6102
0.49055	5709	6369
0.4887	5514	6092
0.50835	6700	7612
0.5013	7504	8417
0.50305	6833	7663
0.48535	4846	5372
0.49965	6546	7258
0.49525	4446	4972
0.5048	5507	6195
0.4875	5478	6089
0.4757	3610	3985
0.4959	5718	6385
0.5006	5641	6377
0.5021	7186	8073
0.4955	5047	5631
0.4997	7125	7999
0.4784	5203	5734
0.48665	5994	6611
0.46175	1621	1769
0.4967	3531	3958
0.5004	5786	6502
0.498	7353	8215
0.49285	4661	5218
0.50315	6729	7552
0.4961	5169	5759
0.4967	6959	7756
0.49595	4789	5383
0.50185	6010	6772
0.50535	6314	7147
0.49905	5744	6428
0.4946	5674	6288
0.50985	7019	7934
0.50955	7533	8526
0.4882	5219	5807
0.4857	3603	3993
0.4905	5759	6389
0.48455	4841	5380
0.4956	5655	6359
0.4958	3719	4159
0.5047	6903	7760
0.51315	7039	7963
0.47565	3143	3476
0.4977	6076	6775
0.4797	3950	4355
0.4936	2666	2982
0.49585	4777	5319
0.50355	6021	6774
0.5091	7327	8283
0.50725	7470	8432
0.497	6377	7097
0.49535	5566	6270
0.5147	7582	8586
0.49015	5230	5783
0.50295	6840	7701
0.49815	6636	7469
0.48085	3780	4163
0.4913	6410	7133
0.49365	5994	6695
0.49755	5445	6124
0.4917	6389	7118
0.4767	3759	4151
0.50435	7104	7987
0.4866	3671	4106
0.4675	2481	2721
0.4982	6472	7210
0.5037	6589	7390
0.5078	7635	8601
0.4882	6201	6917
0.5055	6648	7473
0.4889	6370	7081
0.48765	4178	4646
0.4907	2971	3292
0.496	6021	6708
0.49245	3631	4038
0.49105	4075	4518
0.4956	6542	7299
0.5092	6947	7788
0.4909	5499	6117
0.49725	6518	7265
0.48685	3613	4010
0.49965	6739	7597
0.4957	5902	6568
0.49915	6805	7569
0.47535	3501	3855
0.4827	4251	4719
0.49305	4931	5484
0.4836	2956	3316
0.5022	3359	3802
0.5074	6786	7663
0.49305	3479	3873
0.48895	4755	5310
0.49825	6613	7402
0.51395	7654	8698
0.4946	6322	7054
0.48975	7196	7950
0.48565	4287	4789
0.4875	3495	3898
0.5154	7207	8202
0.5027	6765	7586
0.50325	7177	8069
0.4795	2991	3278
0.49595	6636	7375
0.4901	4531	5063
0.5148	7339	8328
0.4859	2959	3295
0.48685	6101	6755
0.4753	2222	2451
0.49885	5867	6570
0.49885	5521	6206
0.45885	1088	1197
0.5004	6341	7094
0.51725	7400	8447
0.51355	7686	8713
0.48855	3825	4244
0.50735	7128	8042
0.5012	6783	7590
0.49495	6246	6985
0.50405	6767	7644
0.5114	7493	8474
0.51165	7194	8168
0.4941	5940	6601
0.4922	4884	5452
0.4885	5143	5698
0.49315	6004	6632
0.5026	7603	8536
0.501	6999	7814
0.50095	6499	7273
0.481	4639	5125
0.50275	7183	8084
0.49	6861	7610
0.49355	5495	6153
0.48345	4370	4826
0.50775	6226	7038
0.492	5676	6332
0.48935	5454	6091
0.48345	5345	5926
0.4874	2990	3314
0.5119	7577	8543
0.4909	5855	6509
0.4948	6720	7471
0.5091	6984	7856
0.4945	4277	4749
0.5004	4164	4676
0.50515	5606	6290
0.50565	7413	8308
0.5001	6251	7002
0.4926	4927	5482
0.50055	5766	6453
0.4955	6016	6688
0.496	4559	5079
0.48615	6191	6884
0.49355	6335	7058
0.50425	6115	6871
0.49905	7196	8074
0.4871	3519	3888
0.50215	6953	7785
0.503	6711	7550
0.49535	5982	6738
0.4845	3848	4239
0.48805	6091	6742
0.483	4552	5059
0.49425	6138	6832
0.47125	3255	3589
0.51535	7739	8765
0.49095	4171	4636
0.4602	1648	1816
0.4873	5986	6630
0.50485	7100	8013
0.49035	6055	6727
0.4729	3823	4206
0.4885	3020	3333
0.49625	6148	6895
0.4791	2790	3071
0.4829	3695	4088
0.50155	6276	7107
0.48225	5754	6341
0.48315	4446	4903
0.4835	6310	6986
0.48455	3453	3842
0.51335	7729	8707
0.49575	6098	6834
0.50225	5925	6652
0.5026	4665	5297
0.4952	3729	4149
0.4998	5668	6348
0.5009	6312	7143
0.49545	6913	7718
0.4906	3888	4302
0.48925	6694	7437
0.50925	7072	7955
0.49105	6112	6792
0.5066	7078	7952
0.4983	4529	5101
0.4745	2245	2510
0.47905	2372	2627
0.50125	7597	8518
0.5041	6882	7738
0.4992	6505	7314
0.4927	6691	7494
0.50395	6392	7126
0.49405	5594	6257
0.49695	6538	7287
0.50775	7310	8286
0.4916	4116	4579
0.49255	5542	6153
0.4858	5430	6015
0.48755	5271	5877
0.50585	7133	7987
0.5162	8031	9142
0.4764	1723	1919
0.491	4949	5472
0.4934	5011	5627
0.4885	5133	5743
0.50585	6400	7191
0.4938	6821	7586
0.5046	4015	4535
0.5104	5468	6215
0.4868	2772	3104
0.49355	6661	7418
0.48615	4815	5360
0.49365	2883	3212
0.4807	5990	6598
0.4882	2441	2719
0.4957	5847	6548
0.493	6391	7092
0.48765	5780	6438
0.49915	7506	8375
0.48975	3962	4410
0.48635	5185	5752
0.4831	3856	4271
0.49145	4907	5458
0.49485	6711	7487
0.4856	4881	5439
0.51095	6657	7561
0.5	6779	7595
0.49615	7229	8075
0.48425	3652	4043
0.4997	6985	7825
0.49715	6708	7484
0.4934	6781	7554
0.4815	3919	4334
0.49685	6561	7385
0.5051	6743	7582
0.4958	7130	7949
0.498	6298	7039
0.4972	3063	3454
0.4815	1936	2135
0.48895	3981	4431
0.48335	3570	3987
0.49665	6628	7387
0.4907	5744	6432
0.50255	6188	6959
0.50005	6090	6846
0.49615	6165	6911
0.47395	3048	3356
0.5	6740	7541
0.486	4016	4437
0.49945	5980	6689
0.508	7627	8612
0.50395	7306	8142
0.4915	5846	6504
0.503	6634	7417
0.4871	6465	7214
0.50485	7630	8576
0.5039	7401	8324
0.4909	4118	4603
0.4921	6014	6691
0.498	6017	6776
0.48515	5224	5798
0.4898	5501	6102
0.47945	3553	3921
0.48455	5398	6005
0.49555	5560	6212
0.50345	7070	7936
0.48105	3602	3963
0.4672	3663	3996
0.47455	3607	3974
0.49425	7044	7820
0.49655	5372	6008
0.49085	5929	6588
0.49935	6353	7099
0.48015	4392	4873
0.51095	6404	7237
0.48805	5786	6410
0.50385	7021	7864
0.5102	7370	8371
0.48495	4081	4519
0.47605	5241	5772
0.4964	5816	6480
0.51485	7298	8261
0.49415	4925	5507
0.4955	6670	7481
0.4955	6443	7198
0.47515	3023	3346
0.5001	5855	6539
0.492	5916	6619
0.4984	4111	4594
0.4842	3286	3627
0.50715	7543	8518
0.5034	6300	7071
0.49205	4393	4947
0.4799	4981	5528
0.4947	6891	7671
0.4984	5855	6509
0.4966	6576	7324
0.4887	5755	6425
0.48215	3418	3793
0.47855	3578	3964
0.511	7338	8297
0.4954	6124	6838
0.48585	5988	6621
0.4959	5612	6316
0.4977	7429	8351
0.5008	6483	7283
0.49715	6991	7843
0.48565	3340	3695
0.51145	7187	8155
0.49445	6369	7095
0.51015	6496	7338
0.4921	6064	6738
0.51015	7474	8404
0.48235	3953	4358
0.49035	6770	7522
0.4894	5642	6293
0.49945	6254	7007
0.4752	3959	4312
0.5114	6999	7924
0.4883	6166	6882
0.5058	7270	8173
0.49575	6046	6767
0.5066	7112	7995
0.489	5591	6228
0.4873	5954	6594
0.49675	7095	7879
0.4973	7213	8060
0.4781	3214	3557
0.4572	1557	1706
0.50145	7037	7907
0.50125	6142	6922
0.48225	3920	4326
0.4859	4568	5062
0.50185	3684	4124
0.4838	3192	3542
0.4999	4969	5574
0.4973	7307	8124
0.48485	2682	3002
0.4848	3878	4294
0.4979	6783	7603
0.4945	6235	6937
0.496	4516	5036
0.49945	7231	8074
0.48445	5148	5727
0.49785	6438	7197
0.49485	6746	7491
0.4873	2633	2932
0.50955	6043	6865
0.48935	5081	5630
0.4875	4482	4987
0.48755	5258	5827
0.50845	5761	6473
0.4889	3779	4189
0.4971	5934	6620
0.50275	6759	7565
0.49475	5955	6676
0.50145	6446	7259
0.50615	6802	7669
0.4965	4724	5262
0.50405	3644	4068
0.4893	4994	5564
0.4931	5439	6059
0.49655	5077	5692
0.49185	4941	5520
0.4689	2760	3015
0.5015	6864	7669
0.48895	4651	5156
0.4931	3400	3792
0.4852	4686	5184
0.48735	4789	5342
0.4964	6267	7026
0.49375	5132	5706
0.49505	5123	5744
0.50845	7656	8625
0.51015	7526	8512
0.4939	5074	5667
0.4785	4183	4657
0.48775	6138	6861
0.4813	4566	4998
0.4835	3938	4381
0.4908	4730	5290
0.4895	5774	6422
0.5073	6969	7857
0.4908	4037	4470
0.48525	4352	4817
0.50725	7153	8054
0.5056	7195	8065
0.47715	1462	1626
0.495	6900	7710
0.5001	6020	6702
0.50215	5994	6765
0.49365	6786	7606
0.4633	3007	3298
0.4887	5194	5734
0.48745	3503	3879
0.50585	7268	8195
0.50055	6445	7240
0.4918	6163	6830
0.4905	3189	3574
0.50745	7132	8085
0.48825	4540	5029
0.5021	7159	8020
0.49225	3974	4444
0.50945	6509	7411
0.50715	6987	7873
0.4848	4677	5198
0.4951	6356	7073
0.4891	6385	7051
0.5001	6478	7245
0.4763	2527	2769
0.49895	3675	4087
0.49005	5572	6208
0.5144	6608	7507
0.4936	6555	7279
0.50065	6198	6918
0.49735	5306	5908
0.49355	5050	5607
0.482	4394	4872
0.50555	6501	7378
0.49005	4158	4669
0.4777	2744	3026
0.4893	3843	4271
0.47575	3052	3364
0.4942	4993	5558
0.50345	5457	6148
0.5053	7068	7957
0.48455	6282	6896
0.4959	6615	7397
0.50355	7465	8392
0.5079	7125	8036
0.50185	6368	7159
0.496	4932	5581
0.47645	3614	3984
0.50155	5062	5682
0.4777	5718	6291
0.50905	5742	6476
0.49655	6822	7650
0.48565	2915	3216
0.49395	6113	6853
0.4951	4904	5469
0.49555	6006	6700
0.4931	5699	6344
0.52235	7610	8721
0.4973	6546	7298
0.4857	3958	4423
0.50975	6903	7796
0.5041	7202	8084
0.4963	6537	7310
0.484	5980	6570
0.5153	7588	8613
0.49165	5157	5733
0.51125	6554	7441
0.4756	4733	5240
0.47635	2482	2747
0.48915	6311	7027
0.49955	3231	3639
0.49135	5343	5964
0.4996	4295	4808
0.51535	6806	7732
0.48915	5955	6618
0.4933	5950	6636
0.49565	6670	7443
0.48115	4292	4741
0.50345	7860	8786
0.4916	6782	7545
0.49375	4666	5196
0.47615	3267	3597
0.4972	5638	6304
0.4952	6482	7236
0.49305	5932	6641
0.49295	4173	4633
0.4983	6189	6909
0.51045	6814	7711
0.48885	5882	6518
0.5086	7285	8240
0.50585	7191	8099
0.5036	7201	8100
0.5062	7230	8164
0.49955	5726	6414
0.48825	6410	7151
0.4868	3535	3931
0.48235	5254	5824
0.4907	6870	7670
0.5	7654	8540
0.4996	6404	7162
0.49705	5310	5938
0.50015	4812	5377
0.5149	7492	8519
0.4997	6780	7642
0.4956	6915	7732
0.4936	5109	5742
0.48355	4302	4745
0.4861	4396	4878
0.49325	4907	5456
0.49055	5827	6510
0.48635	5508	6116
0.49825	5878	6577
0.48935	5862	6526
0.48555	4709	5223
0.4963	4728	5248
0.49865	7192	8051
0.4813	4722	5252
0.4978	6737	7559
0.49995	6725	7518
0.49665	6954	7753
0.48695	6136	6757
0.5047	7456	8337
0.4899	6156	6805
0.47915	2939	3253
0.49565	6199	6986
0.51685	7383	8419
0.49335	4418	4948
0.50355	6806	7652
0.4972	5810	6495
0.5033	6770	7612
0.4818	5172	5699
0.48455	6701	7429
0.49805	4254	4749
0.4823	2397	2641
0.5006	5873	6574
0.4948	2457	2734
0.5006	5709	6380
0.47355	2227	2454
0.49705	6972	7821
0.48825	5709	6353
0.4924	5533	6120
0.52	7989	9123
0.50455	6422	7229
0.5103	7946	8955
0.4983	7114	7961
0.4943	5594	6267
0.4921	4395	4931
0.5017	6543	7357
0.50445	7118	8041
0.49785	5594	6248
0.50395	6629	7439
0.49675	7102	7899
0.4972	4526	5047
0.49895	6918	7736
0.49785	6855	7642
0.50315	4823	5406
0.49395	3359	3751
0.493	6952	7758
0.49805	6608	7364
0.5005	5220	5842
0.4947	6623	7366
0.49855	6166	6967
0.49575	4676	5250
0.5001	5350	6043
0.5039	7100	7973
0.4842	5081	5615
0.4939	5004	5615
0.4972	6373	7109
0.49695	6784	7584
0.4954	5325	5967
0.5085	7508	8459
0.49035	5820	6492
0.462	1889	2058
0.50435	7047	7911
0.5052	7728	8663
0.50065	7022	7865
0.4852	5521	6159
0.4905	6371	7061
0.4964	4375	4916
0.50745	6977	7855
0.5012	7096	7934
0.50425	4999	5645
0.4948	6071	6818
0.4915	5941	6606
0.48015	4680	5175
0.4924	5979	6664
0.5028	6593	7450
0.49725	5948	6688
0.4964	6181	6908
0.4983	5726	6433
0.4997	5231	5839
0.51215	6049	6848
0.4863	4237	4723
0.4891	5129	5698
0.50325	4677	5253
0.5004	5406	6075
0.4929	6453	7157
0.4937	4646	5211
0.49155	6131	6793
0.50425	6885	7720
0.5001	6031	6726
0.49555	5698	6356
0.48885	4791	5312
0.5004	6363	7119
0.49505	6348	7089
0.5007	3602	4063
0.50685	7616	8581
0.4923	5605	6270
0.498	6818	7639
0.50095	3828	4309
0.47485	4843	5318
0.51415	6666	7571
0.4985	6001	6730
0.49115	5752	6381
0.4699	3938	4338
0.50315	7080	7964
0.487	5048	5586
0.48085	2648	2921
0.49745	4633	5193
0.49315	4223	4685
0.48795	5824	6448
0.4963	5927	6642
0.498	6230	6985
0.5054	6522	7374
0.49465	6560	7278
0.4934	6397	7166
0.4927	4436	4939
0.488	4509	5034
0.4989	6463	7219
0.48915	4714	5265
0.4917	5474	6112
0.49085	4625	5179
0.5019	4770	5349
0.50615	6630	7440
0.4902	3692	4121
0.4888	5514	6138
0.5071	7521	8478
0.48655	3533	3890
0.502	6490	7294
0.49815	4911	5523
0.48945	6040	6711
0.497	6248	6990
0.48545	3855	4242
0.4978	5479	6142
0.49005	4040	4454
0.50065	6539	7316
0.4894	4911	5485
0.49815	6312	7085
0.4926	5846	6485
0.49235	4270	4801
0.5172	8227	9339
0.50035	5076	5677
0.49955	7229	8114
0.50205	6892	7725
0.49395	7008	7800
0.4998	5976	6700
0.48605	5189	5765
0.49675	6070	6814
0.4886	3583	4021
0.48845	6262	6920
0.46335	2620	2895
0.4718	3226	3521
0.49735	5746	6463
0.48945	6573	7315
0.48655	5660	6265
0.4905	5920	6575
0.4973	6790	7584
0.47625	3038	3372
0.497	2152	2418
0.48855	6232	6905
0.4961	5982	6682
0.4966	5679	6347
0.4915	4619	5128
0.4952	6627	7402
0.4914	3717	4157
0.49235	4888	5498
0.49705	6821	7601
0.51305	7675	8730
0.4989	5457	6124
0.50695	6729	7565
0.5005	5377	6043
0.50365	7072	7929
0.5009	6767	7575
0.51215	6241	7062
0.49445	4882	5437
0.508	6167	6928
0.4966	6623	7399
0.48315	2429	2709
0.5042	3182	3590
0.48895	5448	6050
0.48625	5902	6555
0.5024	6835	7689
0.4926	6585	7382
0.49545	4956	5537
0.49865	5099	5701
0.482	4458	4920
0.5002	5285	5920
0.49495	6382	7134
0.4894	5665	6313
0.50185	5391	6061
0.4861	5823	6459
0.4915	5454	6054
0.49475	6683	7460
0.50885	7100	7977
0.4941	5618	6244
0.49545	4495	5002
0.4985	5754	6477
0.50505	6349	7111
0.4962	4612	5114
0.4793	4616	5085
0.48915	2412	2665
0.50415	3154	3553
0.48765	5388	6004
0.4917	6224	6934
0.49375	5949	6618
0.5148	7965	9037
0.50605	7416	8377
0.49605	5712	6366
0.4889	5197	5763
0.4767	5211	5745
0.50065	5895	6644
0.50405	7007	7855
0.4989	3684	4160
0.48995	5131	5706
0.49825	6353	7052
0.50205	6341	7141
0.5015	5998	6720
0.5116	7492	8460
0.511	7220	8195
0.49865	6265	7013
0.49205	5725	6385
0.52335	8076	9254
0.4871	5248	5830
0.48035	2704	3013
0.5001	6043	6802
0.49245	5657	6307
0.48075	4225	4683
0.50565	6095	6836
0.50805	7594	8552
0.50515	6727	7515
0.4852	2317	2584
0.497	6978	7784
0.4806	3449	3794
0.4994	6713	7514
0.4995	6719	7520
0.49435	3724	4143
0.5019	6543	7294
0.48465	4155	4599
0.49545	7302	8100
0.49195	6586	7274
0.49335	7298	8107
0.49965	5887	6590
0.50325	6043	6745
0.4798	4919	5433
0.49705	5538	6182
0.5124	6701	7552
0.48	5945	6558
0.47865	3798	4179
0.4791	4113	4534
0.4927	6261	6965
0.4776	3283	3590
0.48335	4170	4618
0.4925	5116	5737
0.4842	3592	3962
0.4999	6764	7540
0.48795	5913	6547
0.50855	7343	8278
0.49345	1998	2228
0.4999	4838	5423
0.5074	6978	7834
0.48805	5582	6160
0.50165	4629	5158
0.488	4641	5163
0.4893	6362	7043
0.48345	2928	3291
0.5041	6981	7812
0.4847	3234	3595
0.4892	3475	3850
0.4975	7027	7856
0.4885	6838	7609
0.495	5334	5941
0.48185	4329	4778
0.4826	3685	4084
0.49515	7066	7894
0.4879	5890	6530
0.4915	5668	6354
0.49265	4122	4621
0.4924	5259	5865
0.4858	6130	6763
0.4833	4387	4894
0.49825	5658	6294
0.5113	7331	8371
0.471	4983	5472
0.49825	6833	7639
0.4794	4720	5239
0.4984	6518	7291
0.50355	7091	7968
0.47695	6349	6977
0.49375	6019	6713
0.49675	6458	7243
0.49985	7429	8270
0.4984	5100	5703
0.48965	5984	6682
0.4773	2521	2774
0.49145	6422	7128
0.48345	2534	2814
0.4804	4026	4443
0.49645	6074	6819
0.4989	3966	4482
0.5012	6592	7421
0.4816	3881	4281
0.51175	7124	8031
0.485	2719	3014
0.4915	6422	7095
0.51205	7013	7921
0.4864	4574	5073
0.49935	4363	4862
0.4975	7396	8266
0.4797	4301	4765
0.475	2498	2747
0.49595	5839	6524
0.4925	5381	6013
0.491	6212	6948
0.4889	6714	7446
0.50225	5766	6489
0.5044	6809	7658
0.50385	6273	7070
0.4905	6197	6887
0.502	5574	6271
0.5108	6327	7184
0.4999	6020	6781
0.49575	5840	6533
0.4778	2973	3242
0.48465	4397	4901
0.518	7798	8890
0.48785	6305	6980
0.495	6086	6772
0.47875	3364	3742
0.49715	4088	4609
0.4891	3917	4353
0.49575	5450	6107
0.48375	4587	5049
0.495	6376	7129
0.49835	4991	5555
0.502	6167	6931
0.4804	3169	3488
0.4899	5727	6367
0.49975	6321	7073
0.4897	6411	7124
0.4968	5760	6400
0.4858	4556	5079
0.4966	4208	4707
0.4987	6919	7706
0.50435	6696	7491
0.50325	6743	7543
0.4879	5330	5920
0.4715	4169	4602
0.4956	6994	7803
0.5039	6897	7730
0.50735	7168	8079
0.50465	6008	6778
0.48635	6610	7334
0.50115	6174	6936
0.4807	5092	5631
0.4934	5323	5893
0.50195	7729	8650
0.504	7269	8168
0.4901	3025	3387
0.4953	7088	7949
0.48605	3858	4248
0.48225	3536	3913
0.4693	4369	4798
0.465	3079	3364
0.50055	7843	8785
0.4938	5322	5938
0.49565	2256	2512
0.49995	4500	5058
0.4965	5219	5842
0.50675	5798	6552
0.5067	6354	7167
0.49365	6997	7795
0.4948	5258	5872
0.49275	6604	7356
0.49635	7012	7838
0.5072	5290	5973
0.49235	3958	4432
0.50815	6866	7750
0.4896	5036	5592
0.4872	4481	4957
0.49045	4463	4914
0.49825	5763	6434
0.49455	6309	7033
0.50245	7427	8332
0.4778	5028	5553
0.4979	4852	5472
0.4956	6775	7544
0.48505	4937	5469
0.50315	5414	6126
0.49175	4972	5568
0.50455	7054	7887
0.5014	5712	6420
0.4975	5690	6383
0.5102	7562	8565
0.48945	5995	6660
0.51025	7328	8306
0.48035	4110	4557
0.4873	4850	5381
0.5039	6700	7556
0.50955	7618	8577
0.50165	6690	7491
0.5065	7455	8404
0.4965	6648	7404
0.474	2277	2513
0.49475	5020	5632
0.4565	1348	1476
0.4905	5299	5909
0.49305	4710	5257
0.4939	4698	5220
0.4871	5423	6001
0.4878	6170	6838
0.4933	2898	3255
0.4731	3953	4358
0.4892	4562	5060
0.50575	5534	6258
0.50515	6237	7037
0.50775	7453	8392
0.4601	2416	2646
0.4975	7013	7803
0.4793	3500	3861
0.4896	6368	7105
0.49685	2947	3320
0.49955	3467	3880
0.48675	5765	6362
0.4868	4342	4790
0.51495	7513	8574
0.5047	4441	4999
0.4821	3737	4139
0.4957	6472	7273
0.5045	7190	8087
0.4984	5124	5725
0.5018	6851	7721
0.4872	3147	3512
0.49415	6212	6956
0.4897	6657	7361
0.48375	2907	3195
0.50455	6987	7838
0.50235	6040	6778
0.4939	5980	6664
0.5004	6587	7397
0.4936	5276	5884
0.4874	2768	3095
0.498	4677	5236
0.49745	6312	7078
0.48855	5516	6103
0.48375	4826	5345
0.4887	5535	6177
0.49965	6870	7671
0.4907	6498	7201
0.4887	4254	4729
0.51125	7401	8360
0.473	2825	3129
0.49545	4058	4552
0.4947	6921	7719
0.49395	4757	5332
0.4956	5293	5950
0.5022	6705	7592
0.49365	5658	6283
0.48935	6118	6775
0.50205	6719	7573
0.5047	7011	7813
0.47805	3855	4276
0.4904	6136	6817
0.5102	6140	6961
0.49605	6486	7250
0.5048	5492	6174
0.4797	3451	3842
0.47995	5107	5612
0.48645	5618	6232
0.4956	5715	6368
0.4926	6879	7666
0.4929	4668	5175
0.51165	7539	8567
0.5018	4412	4961
0.49595	7023	7881
0.4985	6015	6695
0.4992	6091	6787
0.47405	3722	4101
0.4975	3869	4335
0.4866	4008	4464
0.49515	6692	7429
0.488	4599	5121
0.4882	3733	4145
0.4951	6026	6718
0.4978	4256	4744
0.4883	4004	4418
0.49325	5722	6365
0.50315	5556	6284
0.5032	6050	6795
0.50385	4576	5156
0.5013	6018	6767
0.49865	5953	6717
0.48455	5513	6128
0.49	4768	5278
0.48125	4813	5279
0.48795	4750	5296
0.5129	7728	8719
0.49205	4359	4886
0.48935	5922	6594
0.4943	6908	7712
0.50875	7574	8538
0.47975	3926	4372
0.49535	3689	4107
0.48215	4879	5344
0.4901	4208	4679
0.48585	5800	6434
0.4777	2780	3074
0.51465	7985	9068
0.47835	4317	4772
0.4807	2234	2489
0.49335	5664	6322
0.48885	4695	5242
0.4922	6714	7471
0.50745	7281	8176
0.4949	5685	6342
0.4812	5319	5881
0.49825	3169	3542
0.4898	5531	6146
0.48345	4442	4939
0.4947	5687	6344
0.48665	3020	3360
0.50655	7730	8682
0.4996	6615	7430
0.50295	6762	7605
0.4999	6194	6941
0.48885	4414	4908
0.5001	6325	7120
0.4897	6652	7349
0.47855	3947	4359
0.4898	4787	5310
0.4954	6699	7464
0.50505	7008	7870
0.5029	5792	6490
0.49755	6661	7433
0.49015	6087	6791
0.49845	5823	6495
0.48675	6017	6658
0.4894	5034	5604
0.48765	4659	5163
0.4735	2713	3020
0.4968	3741	4193
0.4993	6364	7140
0.5047	6497	7287
0.49525	2776	3091
0.4968	6557	7350
0.49065	5058	5629
0.4938	5532	6169
0.49135	5655	6289
0.5071	7207	8110
0.48425	2588	2859
0.49475	5464	6117
0.495	5331	6003
0.49955	6224	6967
0.50805	6708	7629
0.50155	7008	7794
0.494	5813	6518
0.4921	4523	5077
0.48805	4091	4584
0.49765	4941	5493
0.49425	6494	7230
0.51075	7452	8393
0.49675	5841	6541
0.49825	6316	7119
0.4908	6886	7641
0.48205	2485	2755
0.47905	3367	3745
0.4945	5485	6122
0.49705	5144	5739
0.50165	6925	7756
0.4932	6681	7407
0.4967	6073	6785
0.502	6596	7387
0.48955	3492	3882
0.4825	3776	4178
0.4927	5773	6432
0.50675	6257	7016
0.493	6559	7327
0.4983	6211	6954
0.50425	6379	7121
0.48405	4743	5262
0.4889	5456	6064
0.4734	3330	3647
0.49965	6098	6836
0.49325	6020	6745
0.49425	5476	6111
0.4889	5358	5954
0.48505	4965	5508
0.5056	7042	7962
0.49145	5301	5929
0.50495	5648	6364
0.4883	6099	6774
0.4918	5214	5792
0.49515	6053	6770
0.4945	6307	7052
0.49235	5825	6501
0.50025	6471	7267
0.4839	5000	5523
0.49565	6599	7343
0.5031	7370	8279
0.49175	6161	6851
0.50255	7495	8399
0.49425	3943	4423
0.4896	3129	3485
0.5024	6816	7659
0.49985	4373	4920
0.49445	5218	5784
0.50405	6738	7546
0.48995	5854	6530
0.4936	6264	6957
0.50475	6465	7296
0.4876	4958	5503
0.49195	5135	5695
0.4858	2672	2965
0.5099	7054	7941
0.51225	7030	8002
0.48575	4899	5449
0.5016	7060	7895
0.49195	4078	4516
0.49925	5903	6656
0.4866	5566	6166
0.48765	6262	6974
0.49425	2180	2410
0.4859	3059	3378
0.5074	7198	8121
0.50285	6498	7294
0.50145	6553	7386
0.4966	6915	7726
0.4965	6112	6805
0.4898	3060	3390
0.50425	7148	8019
0.4632	2263	2482
0.4963	5878	6541
0.4894	5125	5687
0.4928	4848	5400
0.48555	4628	5115
0.4937	5005	5545
0.49635	5203	5807
0.4931	6176	6886
0.50085	6275	7039
0.4867	4732	5247
0.5013	6388	7178
0.49835	6078	6771
0.4932	7086	7897
0.5018	6876	7672
0.5152	7305	8306
0.4952	5818	6494
0.46815	3169	3494
0.50035	6292	7061
0.49805	3415	3860
0.48295	4882	5420
0.4885	3480	3854
0.49895	6250	6997
0.50715	6876	7749
0.5057	5903	6654
0.4969	6772	7562
0.51875	7791	8895
0.497	6079	6797
0.5033	6192	6946
0.4817	4393	4856
0.47855	5598	6222
0.50035	7035	7893
0.475	5364	5913
0.51695	6436	7316
0.4892	6160	6841
0.50385	6666	7506
0.4955	5506	6138
0.5106	6934	7816
0.48995	4342	4860
0.51205	7555	8543
0.50005	6421	7190
0.50045	5909	6587
0.4875	4300	4773
0.4812	3771	4196
0.48825	5211	5772
0.4807	5209	5742
0.5047	6106	6860
0.4979	4081	4561
0.4937	5489	6138
0.4975	5986	6723
0.50235	7320	8219
0.51145	7027	7972
0.49415	6221	6951
0.48565	3880	4293
0.479	3762	4138
0.4976	6277	7029
0.5003	6999	7841
0.5005	6234	7007
0.4911	6013	6732
0.49475	5861	6579
0.49905	6031	6704
0.4825	3696	4062
0.4912	4371	4863
0.48995	5750	6438
0.51185	7533	8535
0.4989	6193	6954
0.497	6515	7260
0.48785	5754	6394
0.4841	5593	6167
0.48785	5127	5677
0.509	7457	8403
0.49825	4114	4617
0.49315	5635	6278
0.50805	7651	8611
0.48335	5419	6002
0.4867	4200	4652
0.4986	5269	5918
0.5071	7266	8185
0.49075	4679	5217
0.48445	4371	4838
0.49185	5634	6309
0.4978	6631	7393
0.4996	7275	8115
0.494	6443	7157
0.501	5741	6444
0.494	6148	6818
0.49135	6506	7252
0.5141	7266	8266
0.50395	6813	7660
0.49875	5771	6413
0.5035	6666	7531
0.5025	7241	8134
0.4953	6836	7668
0.4869	4990	5501
0.4979	7048	7891
0.50175	7364	8262
0.4913	6208	6896
0.501	6130	6896
0.5239	6943	7952
0.49575	6448	7177
0.5057	7550	8498
0.4846	3062	3369
0.4873	5624	6215
0.49755	6960	7736
0.498	6071	6803
0.49525	6723	7464
0.49335	6108	6805
0.4945	6449	7199
0.4917	4404	4911
0.5221	8054	9194
0.48895	5906	6521
0.4981	6074	6806
0.49335	3297	3698
0.48825	4971	5504
0.49655	4961	5542
0.49165	6602	7331
0.49815	6602	7387
0.50435	7134	8027
0.4976	4644	5236
0.4934	5769	6450
0.489	5337	5888
0.4725	2243	2455
0.50015	7091	7963
0.4844	3555	3923
0.51115	7767	8779
0.48565	3350	3739
0.50375	6973	7830
0.48955	5974	6659
0.5211	7502	8532
0.5033	6393	7206
0.495	4266	4742
0.49555	5316	5963
0.49825	5821	6492
0.50985	7661	8629
0.4832	3603	4013
0.505	7272	8201
0.4783	3001	3304
0.4961	2939	3304
0.493	6308	7024
0.4965	6404	7109
0.48835	2200	2440
0.49215	5857	6495
0.4939	5414	6038
0.49445	4383	4884
0.4991	6134	6874
0.4996	6622	7444
0.4958	6046	6776
0.48945	5622	6222
0.49945	6005	6770
0.49625	6010	6688
0.4815	5237	5807
0.4863	5737	6348
0.49815	7435	8298
0.456	1200	1315
0.4849	3123	3488
0.4863	5284	5890
0.50075	7553	8439
0.495	6826	7577
0.5043	6638	7458
0.48625	2440	2703
0.4932	4686	5209
0.4706	3968	4390
0.48685	3951	4386
0.49295	5968	6696
0.4869	3189	3556
0.48265	2425	2698
0.49705	4792	5384
0.5006	6131	6823
0.4889	4467	4963
0.48465	4870	5412
0.50125	6714	7514
0.49675	6504	7264
0.4979	6529	7299
0.4963	4978	5551
0.50285	7072	7948
0.49255	2775	3105
0.49285	5611	6246
0.49345	6794	7535
0.4864	3684	4084
0.49765	4455	4959
0.49235	7159	7975
0.4808	5428	5981
0.48825	3491	3910
0.4847	3901	4328
0.4911	5972	6662
0.4943	5586	6230
0.49405	6634	7382
0.4952	6704	7485
0.50735	7470	8376
0.5092	7319	8248
0.471	4093	4488
0.4942	5773	6462
0.49135	3489	3861
0.49365	5895	6568
0.4956	5763	6467
0.4938	3197	3586
0.49185	6674	7436
0.49815	7095	7973
0.4864	2657	2958
0.4905	5911	6571
0.5026	6471	7272
0.49215	3376	3788
0.4997	6270	7017
0.50095	5909	6630
0.4801	3761	4123
0.4967	7033	7832
0.4957	5237	5844
0.4923	6722	7497
0.4969	6376	7106
0.4904	6383	7118
0.4974	5256	5865
0.52035	7660	8736
0.48795	4116	4559
0.4849	3840	4249
0.5155	7330	8313
0.5169	7849	8936
0.4819	4193	4630
0.51015	7360	8322
0.49485	5031	5601
0.51005	8124	9173
0.4893	5482	6119
0.4894	6094	6778
0.48895	4269	4729
0.5009	5822	6536
0.4978	5360	5979
0.49685	6179	6906
0.47575	3036	3375
0.4997	5426	6081
0.5047	6203	7024
0.4627	3641	3993
0.4841	5440	6033
0.48635	5976	6639
0.48185	1826	1990
0.4802	3914	4303
0.48835	4114	4580
0.4849	3871	4265
0.4933	5080	5690
0.4879	5873	6522
0.48555	3643	4092
0.4943	6189	6899
0.51005	6349	7208
0.4951	6298	7011
0.4702	2920	3229
0.5027	5820	6508
0.508	7458	8396
0.4879	5185	5771
0.4907	5375	6014
0.50935	7113	8022
0.48665	4289	4741
0.49385	5677	6313
0.4832	4160	4572
0.48965	4928	5489
0.48595	4107	4600
0.4765	3971	4391
0.5029	7186	8071
0.48035	3488	3835
0.49915	5930	6674
0.50805	7051	7971
0.4884	5599	6242
0.49065	4340	4819
0.4963	5650	6295
0.494	6133	6847
0.50785	7548	8559
0.50225	7457	8378
0.4888	3554	3974
0.4994	4571	5111
0.48965	6281	6980
0.50165	5817	6505
0.49275	5326	5922
0.4977	5338	6019
0.49535	5342	5987
0.4922	6847	7596
0.48935	4832	5391
0.5035	6790	7637
0.50125	6243	6960
0.5035	5897	6604
0.4746	2646	2940
0.49125	4430	4897
0.5107	6848	7770
0.50375	6140	6921
0.5043	5500	6180
0.50295	6733	7557
0.48315	4676	5160
0.49385	6942	7698
0.50065	6599	7368
0.5027	7077	7942
0.4959	6361	7120
0.4896	6198	6886
0.48325	5412	5993
0.50215	5810	6532
0.4978	6584	7356
0.4933	5784	6423
0.4835	6468	7167
0.4926	5803	6462
0.49405	6561	7282
0.512	7339	8321
0.4881	5027	5584
0.4978	5291	5925
0.5007	6329	7130
0.49695	6037	6790
0.50035	5218	5827
0.48305	3826	4256
0.48995	4125	4595
0.51095	5860	6657
0.4988	6795	7627
0.5036	6966	7819
0.49185	3963	4409
0.5022	5398	6059
0.4963	4669	5215
0.494	5773	6456
0.50345	6143	6908
0.4852	5616	6228
0.4964	7026	7812
0.5054	7015	7898
0.48805	6280	6977
0.5107	7528	8521
0.49315	5319	5933
0.488	4728	5258
0.4768	4603	5128
0.4971	6201	6944
0.49155	5258	5832
0.4701	2595	2852
0.50965	7435	8375
0.4941	6354	7075
0.4913	6416	7146
0.4939	4775	5336
0.4946	5392	6025
0.4994	2808	3136
0.5025	6354	7129
0.5159	8202	9264
0.4918	5867	6528
0.49055	4198	4654
0.49395	5701	6344
0.5076	7518	8413
0.49425	5426	6040
0.493	5954	6668
0.5005	6245	7000
0.4932	6305	7005
0.4991	5842	6556
0.4923	6213	6887
0.48545	3637	4036
0.49705	5517	6161
0.50375	6581	7410
0.50785	7344	8249
0.47795	3400	3739
0.504	7133	8038
0.50795	6037	6747
0.493	6504	7252
0.49605	6686	7448
0.4993	7169	8019
0.4918	4151	4641
0.47005	1662	1803
0.48025	3150	3470
0.4876	5947	6586
0.5009	6465	7257
0.48025	3383	3715
0.489	5465	6086
0.48155	5323	5852
0.4878	5609	6242
0.49135	6794	7559
0.48855	4354	4834
0.5025	6034	6804
0.49875	6691	7488
0.48995	5052	5632
0.50375	6854	7740
0.50435	7128	8008
0.48675	6653	7334
0.493	5709	6347
0.4958	6947	7753
0.4992	7087	7916
0.49875	5774	6499
0.4805	5126	5658
0.4909	5408	6022
0.51395	5172	5865
0.4836	5048	5542
0.4928	6200	6924
0.4807	2510	2786
0.4944	5869	6570
0.4859	3661	4082
0.501	6327	7096
0.5063	7330	8263
0.50775	7634	8620
0.5039	7451	8387
0.50505	6887	7766
0.50495	7205	8095
0.4979	5692	6403
0.4968	4730	5270
0.46775	3718	4077
0.49695	4677	5215
0.48765	5425	5998
0.4839	5026	5560
0.4738	2675	2940
0.49795	6462	7255
0.5098	7700	8725
0.49375	5480	6098
0.5033	7073	7940
0.4913	6661	7419
0.4906	3923	4345
0.50115	6270	7031
0.4943	4030	4550
0.50745	7294	8201
0.4913	4324	4806
0.49665	6857	7669
0.50735	7599	8580
0.4872	5835	6465
0.49695	7160	7985
0.4919	5227	5816
0.50035	6173	6900
0.4846	3870	4309
0.4968	6741	7526
0.48855	6397	7117
0.49695	7454	8316
0.49275	5326	5960
0.4894	5553	6149
0.4814	5282	5858
0.49035	6422	7145
0.4876	4482	4987
0.48195	3301	3634
0.50655	7621	8581
0.48685	6021	6675
0.49185	5290	5886
0.4904	2996	3328
0.49975	6280	7038
0.49665	4185	4671
0.5136	7238	8224
0.4964	5874	6597
0.4868	3844	4252
0.49035	4332	4830
0.495	3286	3701
0.473	2930	3223
0.5038	5959	6716
0.482	3934	4360
0.51545	7220	8247
0.4934	6095	6784
0.5063	7161	8041
0.48955	3375	3775
0.4981	6437	7208
0.50535	6272	7025
0.491	4555	5037
0.5035	6730	7592
0.5154	6836	7764
0.49435	6442	7201
0.47605	3514	3874
0.49705	6249	6997
0.49845	6547	7342
0.49705	6307	7054
0.5027	5912	6671
0.4975	5846	6534
0.49785	5572	6227
0.4922	5336	5949
0.47975	3393	3756
0.48145	4120	4547
0.4791	4404	4856
0.49845	6693	7455
0.4995	6203	6971
0.5023	5797	6505
0.48315	2309	2567
0.4949	5486	6102
0.49445	4969	5532
0.49785	6662	7445
0.50225	6502	7361
0.49985	5242	5929
0.4802	5919	6479
0.5059	6804	7674
0.4992	6233	7028
0.48275	3969	4392
0.48545	4817	5339
0.50115	6406	7190
0.5038	5508	6202
0.4975	7142	7983
0.4887	5958	6576
0.4994	6713	7528
0.49245	3248	3609
0.492	2978	3323
0.5034	7107	7983
0.4952	5242	5850
0.51075	7944	8945
0.49235	4806	5345
0.5089	6669	7566
0.48625	5531	6131
0.5142	7712	8765
0.493	7122	7900
0.5165	7587	8625
0.4971	5180	5785
0.50205	6550	7361
0.49485	6600	7325
0.4879	6252	6943
0.493	4672	5195
0.493	5050	5640
0.49505	6311	7041
0.4874	5045	5578
0.4908	5537	6166
0.49545	5979	6705
0.5041	7526	8440
0.4905	4788	5342
0.50705	7511	8506
0.4985	6755	7525
0.4993	6811	7636
0.50075	5022	5617
0.48105	3747	4155
0.48075	1688	1897
0.4927	5414	5985
0.4844	3514	3905
0.4957	6070	6783
0.49555	2545	2819
0.49045	5483	6120
0.49135	5548	6161
0.47775	3382	3721
0.4999	6711	7499
0.4846	3399	3791
0.4943	4721	5306
0.50015	6748	7597
0.49425	4612	5150
0.4998	6969	7741
0.5004	6783	7607
0.4953	4399	4909
0.4971	5469	6134
0.5008	6693	7515
0.49415	5012	5586
0.5039	6129	6920
0.5057	6072	6815
0.5071	6788	7676
0.49565	4942	5485
0.49985	4602	5169
0.495	5979	6669
0.4941	3367	3772
0.50125	3785	4280
0.4819	2702	2979
0.50315	7097	7951
0.4939	5242	5850
0.48305	5314	5876
0.4974	7165	7992
0.48235	4011	4444
0.4909	5827	6496
0.50105	5973	6734
0.495	6212	6930
0.49485	6321	7076
0.48025	5108	5659
0.5049	7317	8197
0.4872	5810	6416
0.48725	6788	7512
0.48675	4955	5516
0.47915	4848	5331
0.49825	5146	5758
0.4992	6506	7244
0.45955	1970	2135
0.4808	2974	3286
0.4969	4833	5412
0.50955	7353	8327
0.4978	5989	6710
0.49655	5113	5733
0.5082	7909	8884
0.5002	6973	7833
0.4908	4789	5347
0.50715	7738	8681
0.50635	6953	7856
0.4817	6215	6844
0.50425	5434	6125
0.5007	6816	7603
0.4854	3189	3534
0.4893	6280	7012
0.497	6710	7510
0.50715	7092	7985
0.4968	3440	3876
0.4838	2269	2479
0.48945	4781	5348
0.4927	4778	5322
0.5067	3306	3704
0.49455	6002	6705
0.5088	7218	8116
0.50965	6598	7480
0.48025	3632	3992
0.4835	5047	5605
0.4832	4441	4899
0.4899	6394	7092
0.49235	5832	6516
0.49825	6248	6980
0.48605	5553	6122
0.5026	6586	7389
0.51445	7249	8202
0.50375	7110	8001
0.5049	5901	6625
0.5047	7062	7937
0.4935	3465	3862
0.48955	3827	4282
0.5012	5720	6429
0.4933	6619	7318
0.50765	6659	7511
0.49405	1552	1751
0.50195	6542	7364
0.4806	2538	2834
0.50465	7358	8231
0.5065	7150	8064
0.4955	4204	4721
0.4878	5602	6211
0.48675	3501	3886
0.49735	4879	5465
0.4983	6829	7639
0.506	6970	7848
0.48525	5541	6135
0.49855	6340	7094
0.4916	6059	6718
0.4938	5806	6465
0.4838	4876	5426
0.5009	6247	7002
0.50865	5245	5938
0.4836	2201	2449
0.5114	7692	8701
0.50855	7488	8480
0.4874	2622	2898
0.48795	3240	3606
0.5019	6434	7179
0.4907	6451	7175
0.5259	8279	9512
0.4854	4830	5394
0.49425	5406	6047
0.4913	5911	6588
0.51475	7581	8593
0.4961	6533	7353
0.48335	5951	6586
0.5007	6934	7773
0.5014	6483	7249
0.4999	6611	7414
0.5104	7864	8855
0.4981	6285	7071
0.4973	6401	7196
0.5033	6489	7321
0.50255	6254	7031
0.499	4428	4967
0.49865	5114	5742
0.4981	5707	6410
0.49305	6169	6876
0.5045	6849	7683
0.49755	5035	5637
0.49735	6004	6771
0.4985	6154	6872
0.50105	6725	7539
0.48835	4793	5341
0.4938	1656	1834
0.5094	7021	7927
0.48525	3733	4124
0.49585	4860	5431
0.47765	3633	4053
0.4916	6777	7551
0.49015	4923	5460
0.49515	6434	7157
0.4839	4533	5017
0.49435	5665	6307
0.48685	5051	5620
0.50115	5081	5693
0.47885	3095	3413
0.48725	4010	4467
0.4796	4167	4575
0.50285	5270	5905
0.4769	4047	4471
0.48955	5863	6495
0.49645	5708	6333
0.48805	5761	6385
0.50065	6088	6782
0.5065	6381	7189
0.50975	7325	8300
0.4931	3040	3381
0.50605	5419	6137
0.50055	6355	7115
0.4867	4791	5324
0.49465	5198	5821
0.47895	4268	4710
0.49135	4609	5118
0.483	3728	4124
0.48655	5919	6549
0.4945	4095	4570
0.50825	6561	7376
0.48245	2455	2723
0.4849	1617	1795
0.49535	6133	6811
0.49565	4978	5547
0.50505	4912	5532
0.4747	2369	2601
0.4943	5076	5648
0.4963	6831	7656
0.49145	6434	7130
0.4888	4620	5109
0.48575	4236	4665
0.4922	4326	4825
0.4958	6965	7754
0.49835	6557	7325
0.50095	6812	7626
0.49265	6612	7332
0.46935	2653	2886
0.49175	5848	6508
0.48935	6146	6850
0.5188	8055	9200
0.50365	7148	8042
0.49395	6267	6971
0.50035	6981	7833
0.49155	3916	4324
0.48735	3433	3804
0.5032	6369	7118
0.51125	6171	7009
0.4881	4931	5490
0.51035	6252	7082
0.49	4386	4902
0.51575	8001	9088
0.49145	5226	5792
0.49715	5984	6675
0.47795	4373	4820
0.49675	4877	5435
0.484	3634	4019
0.49975	5845	6529
0.50775	7880	8853
0.49575	7022	7788
0.491	3929	4401
0.48925	6598	7340
0.49035	2625	2946
0.4954	6074	6779
0.48075	4995	5503
0.4795	5728	6315
0.4938	5073	5695
0.50595	6686	7599
0.49955	6313	7093
0.49855	7041	7880
0.4979	6449	7221
0.49035	5688	6325
0.5082	6437	7295
0.48975	5164	5732
0.4953	6039	6756
0.48095	3539	3923
0.49885	5172	5822
0.4841	6019	6632
0.4978	4564	5154
0.47965	4912	5457
0.48755	6220	6922
0.5114	5537	6254
0.48675	5996	6656
0.48675	6022	6671
0.48945	5693	6341
0.47755	3705	4100
0.49665	6044	6744
0.496	6583	7343
0.4893	4509	5016
0.50285	7088	7973
0.49575	5660	6360
0.4976	7121	7916
0.4908	6199	6874
0.50175	5691	6395
0.4811	4497	4951
0.4804	4213	4639
0.49735	6624	7438
0.4881	4247	4730
0.48445	4192	4648
0.4815	4500	4984
0.4925	4682	5203
0.49085	5319	5949
0.49825	4016	4485
0.495	3893	4340
0.49775	6815	7603
0.50995	7525	8503
0.5063	7724	8707
0.50165	6553	7356
0.4921	6292	7012
0.49425	3660	4102
0.49455	5196	5792
0.50335	4654	5239
0.4975	5720	6410
0.49135	4673	5197
0.48705	5226	5767
0.49755	5040	5657
0.49725	6717	7490
0.4896	5756	6445
0.5065	7399	8349
0.4863	5160	5741
0.4841	4149	4595
0.5001	5946	6668
0.4941	6317	7004
0.5054	7384	8308
0.48795	3532	3922
0.4889	5442	6026
0.49515	6384	7150
0.5045	7344	8273
0.49105	5728	6373
0.49825	6767	7580
0.49965	6801	7631
0.4969	6470	7275
0.47185	4914	5398
0.4996	4996	5629
0.49485	5980	6674
0.4879	3737	4147
0.49895	6105	6885
0.4946	5272	5820
0.48605	5430	6024
0.50285	7124	8008
0.50185	7012	7823
0.50355	7039	7898
0.5002	7275	8126
0.5072	7296	8214
0.4927	5444	6078
0.49515	3336	3749
0.5034	4783	5414
0.50225	5684	6396
0.49745	6644	7421
0.48995	5644	6318
0.5011	7344	8261
0.5059	7585	8532
0.49835	6325	7102
0.497	6943	7759
0.50315	6672	7473
0.497	7299	8180
0.5071	5952	6724
0.49265	4040	4479
0.4888	4267	4737
0.4914	5727	6361
0.508	7451	8372
0.5142	7184	8161
0.49555	5254	5860
0.49245	5470	6092
0.488	4811	5333
0.48605	5279	5885
0.4864	5036	5579
0.51335	7415	8404
0.51145	7410	8403
0.5061	7039	7940
0.49235	5021	5621
0.51215	7494	8483
0.48725	5799	6455
0.49295	3750	4171
0.49775	5403	6021
0.505	3844	4324
0.4862	4163	4594
0.47735	2489	2748
0.4864	4121	4549
0.4895	6564	7261
0.51335	7490	8516
0.5018	6752	7596
0.48075	3939	4369
0.5068	5207	5860
0.49925	6989	7805
0.4996	5636	6309
0.4873	2887	3244
0.50175	6130	6875
0.502	5692	6375
0.4914	5720	6395
0.4993	6370	7172
0.49055	5333	5959
0.49375	6350	7082
0.50485	7426	8376
0.4952	6579	7345
0.52375	8070	9228
0.49355	6602	7359
0.52615	8055	9258
0.49375	6925	7718
0.49495	6234	6956
0.49505	4958	5524
0.50085	6808	7632
0.47365	2548	2843
0.4907	3626	4049
0.5039	7418	8370
0.50595	6250	7091
0.4946	7151	7961
0.48505	3929	4377
0.5154	8048	9116
0.49635	4612	5153
0.4908	4928	5552
0.49945	5492	6169
0.4962	6614	7375
0.49145	5753	6378
0.5068	7678	8604
0.4895	5945	6578
0.4997	7289	8166
0.4932	5559	6197
0.50735	5839	6591
0.49385	5702	6387
0.47975	5333	5885
0.49285	5730	6413
0.5017	6320	7107
0.48835	4464	4981
0.5019	6048	6808
0.49605	6382	7118
0.49855	5136	5771
0.49315	6913	7651
0.484	4484	4977
0.5007	5114	5737
0.4894	5174	5791
0.5073	6392	7213
0.52005	7657	8753
0.50035	5079	5721
0.47135	4219	4652
0.4892	6326	7042
0.48815	6560	7252
0.48675	5102	5700
0.49005	2287	2534
0.49835	6979	7814
0.49655	4548	5066
0.4975	5161	5792
0.49385	5867	6536
0.487	5004	5552
0.4965	7292	8112
0.5088	6925	7801
0.4871	3521	3895
0.4796	3840	4214
0.48095	2605	2909
0.4919	5638	6236
0.50635	7148	8040
0.49925	6746	7574
0.4879	6178	6884
0.4941	6338	7075
0.50615	5905	6630
0.50085	6762	7602
0.5046	7098	8002
0.497	4227	4687
0.49385	3714	4143
0.48465	4604	5141
0.49805	7108	7956
0.48245	3368	3728
0.48545	5332	5899
0.49795	2624	2907
0.49115	6149	6812
0.493	5569	6207
0.50155	7037	7922
0.4831	5172	5727
0.49645	5920	6610
0.47105	5013	5503
0.50455	7076	7973
0.4933	6202	6897
0.49785	4212	4755
0.49775	5081	5659
0.50785	5857	6616
0.49265	4636	5132
0.4938	5969	6667
0.47695	4084	4485
0.492	2152	2388
0.4846	5500	6106
0.49375	5156	5740
0.49035	3686	4077
0.47805	5186	5692
0.50835	7452	8403
0.4985	6029	6770
0.4967	6641	7445
0.49755	6054	6758
0.48805	4503	4980
0.48905	4398	4863
0.4761	4930	5427
0.49075	5460	6115
0.49235	6129	6787
0.4861	5349	5938
0.4933	5401	5992
0.4878	3379	3741
0.50235	7235	8154
0.4923	5326	5946
0.48265	4366	4827
0.4894	4644	5151
0.5064	4372	4900
0.4768	4856	5349
0.5029	7391	8276
0.51295	7421	8369
0.49475	4211	4677
0.46995	2533	2783
0.48175	3900	4298
0.4925	3889	4304
0.48885	4199	4663
0.4865	3755	4147
0.48945	6187	6837
0.5085	7744	8748
0.50445	7273	8173
0.4854	2903	3205
0.5006	6824	7651
0.48195	3955	4400
0.4949	6054	6740
0.48725	5725	6337
0.49185	3030	3374
0.4854	2057	2284
0.5093	7580	8593
0.4967	6740	7543
0.49715	6175	6890
0.4931	4806	5350
0.4914	5403	6007
0.51005	7482	8426
0.48335	6360	7039
0.4938	5759	6449
0.4992	4901	5490
0.49595	5088	5706
0.506	4492	5033
0.48675	4480	4976
0.49775	6526	7285
0.4865	2305	2538
0.5077	7594	8622
0.4947	5711	6367
0.4942	5255	5888
0.4883	3413	3801
0.49585	6098	6808
0.4994	6653	7460
0.4845	3645	4023
0.5169	7343	8344
0.50025	5233	5903
0.4876	5856	6507
0.4946	6371	7154
0.4947	5354	5965
0.4879	4812	5404
0.49875	6382	7174
0.4787	5340	5889
0.50915	5803	6527
0.5014	7069	7935
0.48555	5074	5642
0.48895	4872	5411
0.49225	5279	5902
0.48145	4195	4657
0.48155	5458	6036
0.4956	6808	7613
0.50345	6517	7321
0.48315	2216	2441
0.4962	5802	6516
0.496	6881	7693
0.4968	6735	7533
0.4906	5707	6407
0.49795	2827	3163
0.49165	6193	6936
0.4982	6838	7646
0.5063	7216	8127
0.49155	5797	6437
0.497	6441	7208
0.4909	4343	4868
0.4987	6901	7705
0.48335	3511	3881
0.5009	6406	7223
0.4993	4832	5431
0.49085	6022	6689
0.495	5805	6516
0.48505	4278	4771
0.4873	5423	5969
0.50395	6407	7242
0.51145	7044	7983
0.5078	6886	7744
0.48045	3642	4013
0.4983	6525	7263
0.48375	2882	3167
0.49785	6027	6747
0.49555	7221	8059
0.50575	7479	8420
0.4878	4246	4674
0.4857	2175	2388
0.48895	3443	3803
0.4856	5351	5892
0.4994	6966	7785
0.498	5852	6551
0.48555	5400	5981
0.49975	7036	7870
0.49155	4756	5302
0.4907	5633	6282
0.49815	4400	4950
0.49695	5956	6659
0.4862	5546	6180
0.5002	6079	6824
0.49905	6959	7765
0.47575	4498	4958
0.51125	7627	8586
0.496	5505	6156
0.47735	4048	4427
0.50185	6279	7106
0.4948	5952	6619
0.50285	4039	4540
0.49605	5922	6625
0.5136	6611	7483
0.50095	6764	7623
0.49495	5606	6228
0.49325	5076	5685
0.492	6289	7012
0.491	3896	4325
0.4926	3906	4370
0.50485	5494	6142
0.501	5284	5910
0.5034	7025	7911
0.4945	6218	6945
0.49965	7049	7887
0.49645	6758	7561
0.48385	6072	6718
0.4932	6818	7591
0.48605	2785	3088
0.4913	4537	5077
0.5029	7261	8132
0.4893	3366	3703
0.5067	4582	5187
0.5082	7271	8214
0.48455	3802	4207
0.4989	5107	5738
0.4959	6869	7656
0.5023	6106	6823
0.5221	8133	9332
0.4652	2943	3256
0.4848	5118	5679
0.48735	4658	5157
0.5031	7420	8325
0.48505	3362	3734
0.50375	6330	7117
0.5113	8194	9239
0.4909	4911	5437
0.49915	6332	7074
0.5094	7243	8162
0.50275	6897	7740
0.5004	6752	7552
0.501	4136	4655
0.5089	7148	8123
0.4893	4640	5145
0.4999	6088	6851
0.48375	5375	5943
0.4879	4668	5230
0.50495	5840	6610
0.49695	6485	7235
0.49845	6456	7238
0.4864	4104	4538
0.493	5838	6550
0.4995	6615	7429
0.49375	3772	4224
0.50785	7400	8356
0.4857	5193	5773
0.4899	5252	5776
0.4992	6296	7013
0.5101	7090	7995
0.5031	7752	8650
0.4964	6130	6823
0.48795	6336	7028
0.5037	6917	7758
0.4916	6217	6900
0.50765	6908	7780
0.50315	6148	6919
0.50035	7396	8279
0.5055	6624	7450
0.5059	6081	6823
0.4994	5993	6700
0.5059	7773	8730
0.5024	5963	6699
0.46985	2705	2952
0.5014	4402	4952
0.5013	4990	5590
0.49955	6318	7115
0.4929	5842	6526
0.52095	7924	9027
0.5016	6950	7774
0.4731	2872	3160
0.4946	6550	7268
0.48945	4732	5293
0.50125	6805	7658
0.5052	7125	7985
0.49125	4542	5057
0.4888	5425	6054
0.49165	6134	6802
0.5022	6950	7772
0.5039	7194	8083
0.498	6772	7556
0.4998	3654	4092
0.4967	6293	7031
0.4916	5720	6395
0.4804	2718	3020
0.48645	6299	7001
0.49455	6506	7223
0.50135	6989	7867
0.49415	6024	6740
0.49875	6057	6794
0.50705	5630	6332
0.49185	4243	4736
0.4917	6542	7259
0.50645	5421	6117
0.48525	4805	5326
0.50115	5425	6110
0.49375	4368	4855
0.50075	5377	6039
0.48805	5696	6364
0.5023	5509	6225
0.49905	5644	6308
0.49005	5858	6507
0.4984	6631	7410
0.48385	2530	2781
0.4876	5364	5953
0.4966	5172	5770
0.50765	7495	8416
0.502	5466	6136
0.4885	5245	5821
0.4764	3643	4005
0.5127	5602	6369
0.5042	6656	7477
0.5056	7239	8167
0.51475	7806	8865
0.48515	4297	4778
0.5052	6891	7731
0.4999	5591	6231
0.47355	4018	4400
0.50075	4842	5443
0.49105	4593	5125
0.49145	6614	7325
0.48585	3397	3790
0.489	4042	4488
0.49185	3753	4192
0.494	4853	5451
0.51405	6778	7713
0.49405	6127	6853
0.497	5777	6468
0.50275	6930	7756
0.49515	6629	7388
0.48745	2368	2640
0.4952	5623	6263
0.50575	5881	6620
0.50265	6074	6771
0.50915	5920	6664
0.48615	5368	5962
0.50205	5058	5674
0.49635	6126	6823
0.4921	5266	5861
0.5069	7192	8100
0.48	2289	2508
0.50245	3897	4394
0.49955	4504	5033
0.495	5940	6632
0.48825	3526	3888
0.47935	3065	3369
0.4883	3410	3786
0.4856	3885	4300
0.4971	6538	7297
0.496	5896	6583
0.48185	3105	3409
0.49565	5823	6458
0.4982	3797	4242
0.5004	6845	7674
0.48585	6139	6738
0.48545	2567	2855
0.50635	6322	7130
0.51645	7725	8804
0.48585	6815	7553
0.495	7036	7807
0.49185	4903	5450
0.4756	3250	3553
0.4871	5508	6108
0.4794	5346	5897
0.4905	4372	4894
0.48	4792	5297
0.50035	7476	8375
0.49255	4583	5109
0.4867	2483	2736
0.4967	5944	6671
0.4622	1871	2051
0.4844	3565	3952
0.481	4944	5474
0.49405	4776	5316
0.50435	6386	7209
0.49755	6854	7686
0.48755	4576	5099
0.49895	6060	6774
0.506	6559	7388
0.4983	2788	3095
0.48875	2245	2476
0.4963	4920	5511
0.49235	5227	5828
0.5021	6738	7641
0.48795	4376	4850
0.50005	7356	8222
0.491	5920	6590
0.5001	6421	7194
0.515	7711	8723
0.4885	5971	6640
0.502	6107	6830
0.5089	7108	8012
0.48515	3820	4245
0.49215	5547	6192
0.4834	4428	4884
0.4941	5815	6480
0.49975	6946	7771
0.47195	2484	2738
0.49565	4581	5125
0.48515	5580	6212
0.4927	5853	6528
0.48145	2900	3214
0.47585	4720	5191
0.5026	6845	7707
0.4949	5545	6211
0.50175	7113	7949
0.50055	6556	7361
0.5009	7596	8507
0.49845	6680	7438
0.504	7260	8153
0.49625	6531	7286
0.49395	6978	7746
0.48495	5124	5676
0.5059	7395	8316
0.50175	5398	6050
0.4874	4739	5277
0.497	6509	7253
0.4948	3722	4179
0.48945	6021	6670
0.49655	5888	6561
0.4894	5394	6026
0.51205	7563	8602
0.48675	2250	2494
0.49425	6369	7116
0.4779	3906	4305
0.49735	6376	7135
0.5126	7920	8920
0.51185	6894	7835
0.5086	6534	7373
0.5125	6794	7692
0.50585	7074	7979
0.4924	6446	7197
0.5159	7474	8500
0.5009	6154	6903
0.49215	5374	6011
0.4807	3859	4282
0.4785	3241	3552
0.48345	5040	5524
0.4883	2973	3279
0.4952	6094	6766
0.4797	2459	2735
0.5084	6789	7677
0.4861	5410	6024
0.4889	5020	5610
0.46255	2971	3234
0.5096	7459	8419
0.49355	6806	7555
0.48755	5185	5760
0.49545	4472	5001
0.4956	6548	7331
0.4789	4051	4507
0.4845	3317	3665
0.47945	3499	3861
0.4748	3811	4194
0.5024	6175	6921
0.49	4926	5459
0.5016	6367	7129
0.49495	3276	3622
0.4979	4838	5455
0.46995	2974	3253
0.4966	5986	6705
0.4915	5046	5634
0.49345	6212	6946
0.4926	4968	5530
0.4622	2073	2271
0.5028	6608	7442
0.5079	7168	8040
0.51155	6850	7724
0.5088	7518	8511
0.501	6804	7578
0.503	7290	8157
0.50485	6379	7225
0.4842	2054	2275
0.4936	2951	3291
0.50345	2814	3169
0.48945	5693	6314
0.50515	6801	7672
0.46905	2437	2654
0.4879	4331	4783
0.49375	6237	7000
0.49675	7174	7990
0.48925	5245	5825
0.4979	6471	7243
0.4905	5948	6616
0.4995	6789	7620
0.48485	4514	4979
0.49345	5610	6284
0.4936	4077	4557
0.4942	4845	5444
0.4856	5606	6220
0.49965	5072	5667
0.4946	5073	5652
0.4968	4844	5452
0.5026	5861	6559
0.48925	5299	5923
0.50155	6605	7455
0.48165	3210	3556
0.4929	4969	5496
0.48625	5755	6376
0.49665	5554	6198
0.49345	4645	5188
0.496	7038	7831
0.4984	6419	7225
0.49115	5806	6464
0.5018	5330	5958
0.5082	7135	8055
0.50085	6671	7492
0.49815	6905	7703
0.495	6167	6879
0.48665	4408	4889
0.5128	7118	8087
0.49235	5995	6711
0.50785	6123	6915
0.49045	6276	6974
0.4891	4477	4966
0.49765	4718	5266
0.4903	5583	6208
0.51345	7373	8350
0.48985	5229	5835
0.48375	4548	5046
0.4969	4146	4687
0.487	5863	6520
0.49345	5063	5647
0.48365	3524	3892
0.46575	2970	3246
0.4795	3109	3433
0.4915	5896	6548
0.49585	6478	7233
0.50835	7029	7921
0.52015	7852	8939
0.4997	6375	7117
0.4954	6446	7198
0.5037	5634	6360
0.48865	5536	6143
0.4861	4092	4524
0.4906	4386	4887
0.49175	5109	5718
0.48395	4423	4889
0.5131	7901	8892
0.4897	6646	7363
0.4914	5033	5605
0.49055	6106	6774
0.49645	6576	7347
0.4959	5876	6578
0.49095	3054	3410
0.50675	6771	7609
0.4898	4968	5528
0.4916	4775	5352
0.49615	5673	6340
0.50155	6558	7341
0.4998	7073	7903
0.49495	5680	6374
0.4823	3557	3959
0.4885	6145	6805
0.5015	3293	3692
0.50635	5715	6452
0.52045	7277	8295
0.50865	7746	8768
0.4872	5016	5546
0.49055	6499	7254
0.4863	5851	6473
0.4941	6121	6840
0.50925	6865	7751
0.48255	4840	5345
0.4972	6786	7570
0.48815	6500	7264
0.4853	3944	4385
0.5039	6604	7417
0.49885	5963	6648
0.4984	5513	6198
0.50635	4286	4811
0.48115	3929	4352
0.50395	6844	7673
0.4888	5350	5945
0.5011	6655	7440
0.5119	7437	8435
0.48885	4823	5355
0.49365	5547	6205
0.50995	6551	7375
0.47915	3331	3674
0.49545	2815	3128
0.49045	6475	7187
0.4929	4316	4793
0.4947	5103	5716
0.4994	5463	6160
0.4835	4703	5211
0.506	5727	6441
0.4792	4331	4768
0.4998	6079	6819
0.49875	6066	6824
0.49815	3169	3545
0.491	5177	5747
0.49055	6390	7126
0.4852	5031	5567
0.50175	4544	5110
0.48775	6018	6661
0.49815	4158	4652
0.5138	7632	8639
0.51285	6742	7641
0.4958	6663	7425
0.49925	5261	5850
0.4903	5016	5583
0.49115	5503	6126
0.50275	7243	8156
0.4889	5709	6360
0.48705	2580	2878
0.4844	5238	5782
0.4891	4854	5422
0.5071	5571	6327
0.4932	6463	7205
0.50205	7551	8469
0.49615	6653	7459
0.50235	6847	7672
0.4885	6017	6654
0.47225	1971	2166
0.49395	2771	3096
0.50905	7750	8740
0.4914	4557	5094
0.48635	4380	4853
0.5047	5610	6288
0.4794	4974	5531
0.49505	4171	4687
0.5141	7993	9052
0.4955	6532	7314
0.5018	6540	7351
0.51105	7479	8454
0.49275	6962	7736
0.4958	4803	5367
0.50155	6584	7377
0.4891	4487	5012
0.5043	7243	8148
0.50145	6594	7385
0.5004	6235	7033
0.48335	2113	2338
0.4952	5802	6447
0.49065	6280	6962
0.50205	7357	8256
0.49625	2987	3391
0.5083	7655	8661
0.49545	6026	6732
0.48875	3146	3483
0.50675	5652	6436
0.47895	3368	3728
0.4949	4408	4974
0.50375	6092	6850
0.4829	5486	6051
0.49445	6270	6987
0.49685	6740	7531
0.48235	4354	4802
0.4968	5725	6397
0.4803	2675	2952
0.5065	6172	6935
0.4996	6513	7246
0.5084	6176	6941
0.5019	6589	7428
0.4855	4494	4975
0.5016	6449	7274
0.48005	2020	2227
0.4918	3894	4313
0.5041	6632	7434
0.49705	5528	6181
0.50565	6079	6802
0.501	4195	4712
0.4953	6154	6864
0.4801	3674	4074
0.5043	5954	6690
0.5213	8069	9159
0.4877	5812	6422
0.494	6685	7476
0.4996	6598	7403
0.4973	6942	7805
0.486	3771	4196
0.47835	2272	2478
0.49035	4848	5413
0.50775	7035	7970
0.48345	5002	5521
0.5215	7717	8783
0.49825	3541	3954
0.4804	4193	4636
0.49925	4793	5375
0.5141	7765	8808
0.50365	7161	8068
0.5038	6541	7326
0.50075	5951	6678
0.48675	5053	5642
0.50145	6418	7178
0.5002	3079	3448
0.48025	4485	4973
0.48755	3265	3645
0.50005	6073	6792
0.48915	5085	5672
0.47005	4964	5451
0.50025	6682	7473
0.50235	7323	8224
0.494	5609	6264
0.50095	5994	6711
0.49295	4362	4873
0.5036	6603	7455
0.49285	4740	5296
0.483	5040	5572
0.4904	5543	6117
0.4885	5796	6424
0.5122	7558	8581
0.4967	5114	5704
0.5081	6536	7401
0.48695	5959	6631
0.46375	1554	1666
0.4981	7095	7939
0.49385	5789	6481
0.48945	5644	6294
0.49225	3993	4451
0.5016	5756	6487
0.50675	7423	8349
0.49165	2894	3217
0.5022	7012	7870
0.5078	6870	7780
0.49715	6972	7753
0.49625	7163	7963
0.49355	2431	2706
0.50275	6217	6987
0.47645	2254	2473
0.4991	4794	5361
0.49475	7015	7827
0.4971	6732	7522
0.49945	7021	7845
0.48575	4541	5055
0.50425	3568	4010
0.5087	7382	8364
0.4577	1906	2079
0.4806	4034	4454
0.4858	4987	5529
0.4935	6593	7332
0.49485	5832	6522
0.4729	3358	3666
0.50545	7233	8170
0.48775	4277	4750
0.49165	5416	6045
0.4937	5830	6521
0.49755	6170	6939
0.505	6783	7599
0.47805	4013	4441
0.485	5405	5998
0.48515	5087	5631
0.49495	6628	7371
0.5174	7406	8459
0.4998	5568	6234
0.4994	5690	6360
0.50555	7302	8217
0.4861	3605	3996
0.4992	7185	8034
0.4787	5584	6156
0.4917	3015	3388
0.4753	3687	4070
0.48715	2244	2483
0.4838	5650	6264
0.51095	6669	7545
0.4942	5745	6433
0.4971	6016	6731
0.50585	6039	6794
0.4993	7117	7974
0.4858	3594	3996
0.4993	7263	8086
0.49695	5349	6001
0.4824	5611	6238
0.4983	6438	7196
0.4953	6923	7733
0.49355	6115	6848
0.5003	3238	3602
0.5008	6367	7163
0.49815	5769	6446
0.4945	6667	7448
0.503	7776	8688
0.4928	4983	5565
0.4879	4878	5418
0.4938	6095	6801
0.49075	3605	4000
0.4966	4066	4546
0.50495	7254	8130
0.50175	6069	6828
0.4944	5632	6290
0.51265	7390	8342
0.4923	6647	7408
0.4972	5123	5704
0.50705	7233	8197
0.4869	3312	3676
0.49015	5561	6190
0.506	5839	6583
0.47365	2117	2327
0.50845	5927	6651
0.4919	6420	7171
0.49885	7208	8048
0.5009	7476	8350
0.4864	3186	3536
0.4952	4493	5032
0.49775	6078	6778
0.5044	7057	7924
0.4991	6429	7207
0.48925	6672	7406
0.48905	5940	6593
0.48875	5200	5768
0.49945	4237	4742
0.4903	5437	6015
0.49245	5638	6310
0.5054	7340	8284
0.47855	4521	4971
0.4857	5747	6346
0.5043	6771	7606
0.50255	5262	5940
0.48145	3090	3447
0.5115	6965	7892
0.48105	5553	6107
0.50855	6749	7585
0.49725	6220	6934
0.49305	6251	6961
0.4958	5434	6102
0.48525	6082	6733
0.5042	7538	8456
0.5083	6724	7607
0.49635	5866	6548
0.49685	5103	5701
0.4836	3214	3546
0.49635	5225	5814
0.4976	6450	7176
0.5004	7104	7978
0.5019	6367	7132
0.49345	5651	6306
0.48955	5189	5818
0.4848	5256	5818
0.49335	5270	5896
0.51685	4782	5446
0.4952	6521	7322
0.5018	6817	7666
0.50605	2405	2684
0.4752	3200	3535
0.4981	4102	4565
0.4909	7070	7844
0.4982	4751	5320
0.52165	7755	8843
0.47385	4683	5142
0.4925	6711	7441
0.4945	4962	5526
0.49335	4463	5034
0.50345	7254	8148
0.4977	3471	3884
0.5096	6523	7361
0.48925	4913	5482
0.49525	5835	6554
0.50355	7094	7986
0.4876	5908	6570
0.49255	3289	3675
0.4895	5680	6317
0.48855	5722	6375
0.503	6566	7362
0.5008	3501	3941
0.4926	5214	5816
0.50215	5875	6569
0.5034	6485	7294
0.5002	7019	7828
0.49765	6230	6946
0.4921	4104	4553
0.4916	6403	7133
0.4959	6254	6969
0.4953	6461	7195
0.4919	3958	4420
0.5128	7542	8525
0.5034	6847	7697
0.4874	6287	6936
0.50635	7284	8196
0.49295	4298	4835
0.4986	6304	7068
0.50195	6213	6986
0.50065	4806	5402
0.5036	7072	7968
0.5026	6753	7586
0.48695	5465	6063
0.49705	5737	6420
0.49245	7052	7850
0.5064	5803	6573
0.5023	7046	7904
0.49175	4712	5257
0.49445	5820	6471
0.49605	4975	5593
0.4954	6780	7544
0.5004	5074	5690
0.48835	5725	6363
0.5021	5650	6332
0.48625	4584	5088
0.5007	6242	6993
0.49645	6790	7590
0.49615	5537	6154
0.48865	3362	3699
0.4947	6575	7321
0.49725	4942	5532
0.50715	6912	7793
0.49375	5134	5725
0.49635	6400	7082
0.49935	3087	3476
0.4839	5414	5967
0.50175	5429	6088
0.49655	5693	6355
0.4992	6483	7249
0.49515	5563	6214
0.49845	5843	6555
0.50345	7247	8183
0.50515	7383	8328
0.4841	3640	4023
0.49115	5547	6204
0.49815	6414	7179
0.4871	6173	6852
0.50885	6212	6965
0.4813	4495	4974
0.4978	5307	5947
0.4983	6425	7153
0.4955	4049	4551
0.48995	5551	6166
0.4827	5093	5600
0.48455	4924	5505
0.5067	7377	8323
0.49605	6190	6955
0.49375	4666	5215
0.49335	4985	5578
0.47635	3833	4203
0.5063	7560	8503
0.4837	5232	5808
0.50905	6031	6797
0.50355	6117	6861
0.49725	5376	6034
0.50085	6966	7828
0.49785	6188	6931
0.49465	5099	5716
0.4956	4015	4487
0.5053	6423	7220
0.49105	6139	6861
0.4886	6001	6648
0.49835	6721	7482
0.51005	6967	7914
0.5007	7320	8213
0.49465	6356	7059
0.49335	4154	4626
0.4933	4236	4752
0.496	6554	7335
0.50975	7371	8332
0.4849	3737	4167
0.5067	7176	8118
0.4793	4380	4857
0.5027	5936	6687
0.47545	3880	4274
0.49685	6513	7311
0.49325	6271	6943
0.513	6796	7693
0.50045	6838	7654
0.47815	2613	2856
0.4748	2580	2857
0.49915	6988	7847
0.50015	6258	7018
0.48905	3808	4245
0.4954	3794	4234
0.5088	7642	8600
0.4751	2425	2676
0.48265	3354	3703
0.5067	6898	7727
0.48505	5505	6117
0.4945	6515	7255
0.5038	7121	7990
0.4994	7278	8100
0.4996	6774	7565
0.48715	5638	6281
0.47525	3719	4101
0.50545	6912	7794
0.50385	6636	7466
0.4842	2344	2603
0.49405	4431	4934
0.49035	2538	2827
0.49475	6390	7159
0.4953	6359	7081
0.48015	3894	4290
0.49775	6655	7447
0.49085	6067	6741
0.49595	5885	6606
0.5011	6145	6916
0.4931	6954	7752
0.49205	6217	6914
0.4854	5627	6251
0.49995	6274	7095
0.50515	4626	5185
0.4966	5324	5948
0.49035	3886	4325
0.51305	7757	8786
0.4945	4482	4991
0.49695	6323	7056
0.4945	6547	7274
0.49965	4423	4957
0.5081	7353	8275
0.50945	7755	8780
0.5002	5790	6516
0.4974	5236	5817
0.5099	6780	7663
0.4928	6114	6824
0.49465	5629	6308
0.5124	7860	8924
0.4916	4541	5104
0.49215	6401	7085
0.50425	5342	6005
0.4823	4888	5367
0.49875	6897	7695
0.4919	5648	6302
0.4848	3387	3765
0.50125	6938	7790
0.4877	4694	5192
0.5036	6615	7435
0.4901	3877	4340
0.4856	5133	5688
0.49615	4257	4755
0.49795	7136	7976
0.49755	5821	6525
0.4954	5960	6640
0.4896	6124	6778
0.5016	6377	7172
0.4982	6362	7083
0.51	6632	7469
0.499	7239	8129
0.4898	4138	4581
0.5006	4957	5580
0.48325	2870	3195
0.5097	7524	8500
0.4948	6832	7623
0.47935	2825	3124
0.5089	7298	8162
0.5117	6940	7813
0.5049	5578	6271
0.4961	6099	6756
0.47975	3202	3525
0.50455	6894	7754
0.498	6768	7558
0.50165	6009	6782
0.5091	3100	3516
0.48815	4973	5543
0.4852	4971	5502
0.4894	5554	6204
0.49525	6688	7481
0.48805	5709	6290
0.48215	4578	5106
0.497	4744	5328
0.5018	6501	7266
0.4839	5997	6631
0.49615	4595	5157
0.4855	3845	4257
0.50085	5044	5655
0.49365	5592	6240
0.49815	6437	7197
0.4827	4273	4721
0.50345	6273	7040
0.5012	5334	6011
0.48575	5048	5624
0.4946	6496	7252
0.49935	4813	5403
0.49585	5168	5800
0.5093	7041	7914
0.45395	1899	2085
0.50025	7366	8241
0.49125	4601	5134
0.5139	7610	8606
0.48405	4993	5498
0.50525	6743	7573
0.4964	6498	7264
0.5014	5322	6032
0.50005	7170	8008
0.49675	6032	6728
0.5071	6107	6871
0.5036	6852	7756
0.49735	5591	6230
0.48915	5760	6367
0.4961	5159	5774
0.5103	7214	8145
0.49215	5781	6414
0.4862	3445	3828
0.49365	4686	5208
0.49885	5461	6137
0.49445	3496	3863
0.4916	5407	6008
0.4908	6332	7036
0.5047	5977	6705
0.4867	5876	6530
0.5059	7248	8141
0.50705	5399	6094
0.4999	5540	6220
0.48295	6346	7000
0.50225	6328	7097
0.4838	5198	5739
0.4852	5047	5581
0.5014	5030	5653
0.4617	2585	2825
0.50445	6405	7207
0.50295	4655	5218
0.4929	3633	4019
0.4883	5780	6425
0.485	5572	6158
0.49435	5819	6496
0.507	7110	7990
0.48435	4648	5170
0.49585	6180	6882
0.48325	3272	3587
0.5029	5747	6480
0.504	6939	7795
0.4992	7163	7984
0.49375	4388	4906
0.50075	6362	7137
0.49495	5207	5794
0.489	5241	5788
0.4924	4521	5046
0.50205	6728	7572
0.50555	7232	8135
0.49775	5818	6506
0.493	4691	5226
0.50315	7498	8436
0.49825	5601	6290
0.49335	3322	3666
0.49425	5104	5736
0.49175	5995	6681
0.5014	7283	8173
0.51295	7596	8604
0.48385	4787	5325
0.4818	4468	4985
0.48175	4013	4436
0.48265	3949	4373
0.49215	6025	6703
0.51105	7529	8533
0.50365	7184	8098
0.49725	7063	7894
0.4939	5579	6195
0.4971	4793	5366
0.48575	5750	6394
0.4919	6450	7184
0.4833	4399	4845
0.51215	7662	8701
0.48525	3752	4140
0.48645	5323	5908
0.4966	6597	7364
0.50885	5983	6797
0.4734	4121	4557
0.4957	6017	6723
0.4961	5715	6385
0.5084	6925	7793
0.4933	5464	6094
0.5087	7339	8277
0.49035	3468	3876
0.48575	5797	6405
0.48405	1985	2240
0.5019	3590	4010
0.4842	2829	3131
0.49655	6863	7641
0.49315	5310	5886
0.4884	5112	5671
0.4951	5446	6074
0.4811	4935	5473
0.50365	6898	7745
0.4852	3246	3609
0.5081	6821	7698
0.51155	7619	8597
0.48945	5096	5637
0.4998	6392	7131
0.4828	5483	6026
0.51415	7971	9029
0.49785	4948	5495
0.48265	3664	4047
0.4868	3841	4278
0.50045	6810	7633
0.4949	5472	6134
0.49505	6458	7168
0.4845	2747	3033
0.49765	6974	7821
0.4927	4545	5077
0.48255	3198	3580
0.49485	5332	5919
0.5048	6805	7679
0.489	5313	5895
0.49275	6469	7207
0.48715	4715	5255
0.4969	5437	6102
0.48725	4496	4993
0.50345	7650	8541
0.49785	6029	6768
0.4881	6416	7122
0.51045	7757	8734
0.50195	6909	7762
0.47935	5155	5661
0.4855	4173	4642
0.4888	4361	4876
0.48365	5172	5740
0.49435	2541	2828
0.50475	7057	7940
0.4984	5961	6668
0.49365	6436	7173
0.4894	4296	4771
0.495	5898	6562
0.4949	5271	5867
0.5101	7080	8034
0.48275	4602	5104
0.4986	4896	5450
0.5075	7117	8048
0.51295	7913	8995
0.5058	7311	8215
0.49555	6018	6719
0.49445	5466	6087
0.50045	7128	7960
0.48925	6368	7053
0.5025	7133	8023
0.50615	6744	7589
0.50025	5359	6023
0.50095	6592	7384
0.51195	7622	8618
0.4966	4584	5113
0.4998	6158	6931
0.492	4146	4623
0.5044	6425	7209
0.49885	6087	6832
0.49815	5777	6469
0.49595	6471	7236
0.4951	5234	5836
0.50055	5274	5922
0.50165	7120	7969
0.49045	5341	5955
0.4889	4664	5151
0.4772	3986	4391
0.4931	6863	7624
0.489	4494	5020
0.50435	6844	7719
0.48685	5700	6315
0.4894	5486	6080
0.4901	4916	5463
0.48755	4733	5239
0.4915	6334	7057
0.49445	5664	6319
0.4988	7302	8148
0.5074	7433	8366
0.48935	2719	3002
0.5047	3995	4511
0.49075	6126	6857
0.50685	6293	7131
0.4894	6314	6996
0.4862	4224	4679
0.49985	6763	7563
0.5015	7256	8122
0.5055	5504	6185
0.5001	6853	7674
0.49155	6112	6786
0.48105	4419	4904
0.48485	2355	2617
0.49505	5441	6081
0.48585	3148	3509
0.49985	6450	7260
0.4823	4950	5471
0.495	5916	6601
0.51695	8158	9240
0.50725	7132	8010
0.4938	5700	6356
0.48175	3780	4207
0.4944	5628	6275
0.4872	5496	6065
0.4858	3488	3832
0.50465	6757	7621
0.4823	3700	4093
0.47805	2610	2884
0.4937	6599	7354
0.49425	5617	6266
0.50265	7070	7913
0.4815	4410	4879
0.49015	3438	3831
0.5164	7247	8235
0.4905	5455	6088
0.47325	4779	5253
0.4806	4048	4459
0.50195	7147	8031
0.48345	4524	5007
0.486	5420	6000
0.51415	7629	8651
0.5118	6139	6957
0.50125	3692	4169
0.49745	5619	6237
0.498	6132	6856
0.48845	3692	4120
0.49705	6063	6749
0.49355	5376	5981
0.49455	4094	4578
0.5077	6488	7330
0.48995	5050	5634
0.4978	5266	5906
0.4936	4702	5237
0.50105	6289	7107
0.507	2603	2942
0.48855	6595	7316
0.47875	4912	5456
0.49455	5281	5942
0.51385	7399	8390
0.5046	7054	7942
0.49085	5101	5690
0.4799	5224	5774
0.4989	5709	6389
0.48555	4106	4520
0.4946	6722	7478
0.48995	4979	5587
0.503	7481	8400
0.48445	4915	5437
0.49255	6368	7102
0.46265	2989	3276
0.48065	4526	4996
0.49345	6095	6805
0.4924	5901	6581
0.50385	6935	7799
0.50685	7259	8155
0.4869	4302	4784
0.51215	7834	8882
0.47205	4419	4858
0.48615	4824	5360
0.5067	7204	8076
0.48775	3925	4368
0.4845	5711	6315
0.514	7669	8703
0.49245	6163	6879
0.4888	5800	6455
0.4872	5695	6372
0.50645	7575	8529
0.5044	6874	7739
0.50265	6963	7806
0.4923	6252	6931
0.4824	4160	4621
0.5055	6464	7301
0.4757	4974	5477
0.4909	6345	7072
0.48905	5025	5575
0.4792	4976	5510
0.49735	5988	6761
0.50305	6315	7067
0.49875	2287	2581
0.48955	4292	4786
0.49265	5596	6289
0.495	4124	4620
0.49145	5318	5911
0.48935	3727	4151
0.49425	5927	6621
0.49005	4792	5363
0.4855	4684	5194
0.47315	3183	3506
0.4879	4337	4829
0.50595	7193	8113
0.4825	3960	4435
0.4923	4985	5565
0.5053	6921	7827
0.4923	6954	7732
0.47085	4279	4717
0.48935	5815	6478
0.5042	5627	6305
0.50445	7588	8535
0.5042	6650	7467
0.4952	6743	7507
0.49415	2766	3095
0.50805	5982	6701
0.51145	7041	7952
0.49905	5971	6719
0.48635	4667	5187
0.4943	4590	5127
0.4984	6204	6962
0.4984	4800	5373
0.50215	5729	6402
0.50345	7209	8053
0.50165	6481	7272
0.51375	7318	8268
0.50145	5248	5926
0.4946	5524	6176
0.49785	2995	3325
0.503	6211	6981
0.4937	2804	3137
0.4928	6049	6730
0.4951	5504	6167
0.4934	6349	7059
0.4974	5532	6191
0.51005	6711	7575
0.50365	7174	8042
0.4801	3813	4220
0.50325	6460	7208
0.4841	4500	4954
0.49995	6777	7554
0.49255	6741	7514
0.4946	6073	6760
0.4862	5999	6614
0.4784	2780	3051
0.49835	4908	5536
0.4935	6594	7328
0.4937	5538	6159
0.5025	7063	7943
0.504	6858	7700
0.49265	3631	4054
0.4994	6867	7652
0.5037	6797	7683
0.50705	6717	7572
0.5035	6882	7757
0.48365	4427	4924
0.4972	5557	6264
0.49575	6256	6992
0.49405	4313	4831
0.5039	5500	6136
0.49645	4657	5216
0.49145	5947	6632
0.49465	4698	5254
0.48935	5579	6224
0.48955	4491	5014
0.4975	6593	7375
0.50905	7382	8324
0.49355	6832	7601
0.4932	6708	7419
0.48445	4147	4594
0.50155	5391	6082
0.48985	5455	6024
0.4846	2532	2777
0.4998	6620	7401
0.499	5912	6645
0.4862	3605	3993
0.5045	6846	7700
0.4839	5983	6661
0.50025	6367	7126
0.4849	4709	5232
0.4983	6486	7272
0.49245	5220	5824
0.4904	5663	6302
0.4904	6997	7717
0.4992	4602	5162
0.50645	6861	7699
0.47185	3418	3734
0.5056	6786	7632
0.5124	4240	4817
0.495	5072	5676
0.51055	7236	8169
0.50595	7691	8675
0.4946	5517	6171
0.4983	5098	5726
0.49435	6301	7019
0.485	3690	4069
0.4933	6790	7536
0.5186	8000	9082
0.4967	6658	7376
0.50325	7430	8358
0.49525	6468	7181
0.508	7703	8685
0.4859	3923	4363
0.4874	5021	5573
0.48765	5551	6148
0.50025	6542	7331
0.50015	6430	7188
0.49175	4877	5407
0.4855	6063	6722
0.50355	6256	7057
0.49295	6057	6802
0.5102	6683	7574
0.48195	4270	4714
0.50515	6931	7821
0.50795	6494	7328
0.48055	4684	5202
0.49635	6411	7164
0.48965	3701	4136
0.50595	7110	7990
0.50105	5546	6235
0.4731	2234	2429
0.48275	4137	4581
0.4979	6462	7219
0.4797	2633	2913
0.4938	6837	7608
0.5018	7173	8048
0.49335	6180	6879
0.505	6815	7689
0.5	6831	7633
0.48985	6218	6885
0.4909	5149	5728
0.4983	6652	7442
0.50215	6813	7645
0.50555	6979	7827
0.48945	6314	7033
0.4889	5837	6504
0.5273	7949	9117
0.5118	7357	8348
0.49615	4368	4898
0.49695	5912	6583
0.4875	5351	5906
0.4976	6971	7784
0.49995	6181	6896
0.48465	4532	5018
0.4835	4437	4850
0.49565	6499	7293
0.50465	7642	8570
0.48595	5893	6513
0.4943	6368	7097
0.49825	7017	7841
0.49075	6433	7185
0.50255	6369	7132
0.50505	6573	7425
0.505	7091	7946
0.4888	4266	4770
0.4943	6437	7185
0.48125	3604	3973
0.49105	4566	5115
0.48565	5685	6324
0.4786	5373	5891
0.4982	4958	5582
0.4885	4999	5569
0.49095	5962	6653
0.5088	7666	8648
0.50715	7596	8547
0.4977	5647	6329
0.47785	3574	3972
0.50545	7331	8240
0.49565	6753	7576
0.48845	4357	4813
0.51475	7601	8598
0.48085	6045	6684
0.4929	6192	6873
0.50595	6471	7301
0.49635	4638	5202
0.48755	5704	6308
0.4888	3809	4214
0.48955	4688	5225
0.50525	5183	5802
0.4884	4735	5243
0.5002	6889	7717
0.49215	3526	3956
0.4962	7290	8152
0.49125	6275	6990
0.54015	8701	10118
0.4922	5740	6418
0.5022	7546	8479
0.5098	7518	8487
0.47985	5047	5530
0.50545	7755	8701
0.51005	7747	8744
0.4855	4966	5486
0.49605	6459	7230
0.48675	5851	6520
0.48055	4858	5376
0.4864	5896	6553
0.50285	6954	7827
0.51325	7604	8573
0.4933	5920	6605
0.53375	8440	9793
0.5041	5613	6324
0.4816	4577	5076
0.48355	5897	6532
0.4971	7237	8079
0.50025	6543	7336
0.48005	4370	4820
0.49535	3924	4394
0.48135	5249	5796
0.49655	6657	7429
0.49125	5351	5955
0.4787	4427	4842
0.4858	4842	5349
0.5058	5754	6478
0.4991	4899	5513
0.48945	5509	6144
0.48635	5106	5648
0.4918	3880	4286
0.50975	7092	7996
0.49155	4417	4922
0.47785	5011	5513
0.49885	5345	5990
0.5064	7116	8022
0.4882	5649	6286
0.501	6385	7199
0.50465	6650	7493
0.5071	6992	7911
0.47	3314	3659
0.48755	3220	3583
0.50075	7518	8414
0.4813	3912	4306
0.4805	3820	4206
0.4878	5241	5859
0.4991	6668	7470
0.48975	4782	5318
0.48755	4513	5029
0.4963	6892	7708
0.48745	5471	6057
0.5038	6580	7363
0.48465	5990	6641
0.47475	4318	4707
0.4824	4879	5389
0.49425	5699	6357
0.49105	5008	5560
0.4946	6976	7754
0.4931	6994	7788
0.50615	6744	7627
0.47875	3901	4301
0.5084	7865	8901
0.4817	3445	3780
0.49465	4921	5477
0.4964	5826	6488
0.48635	4005	4460
0.48595	5548	6182
0.4884	3048	3380
0.5024	5777	6533
0.51645	7155	8112
0.49545	4767	5282
0.49115	3669	4081
0.48695	4250	4738
0.50545	7186	8125
0.4983	6141	6862
0.4829	5121	5702
0.4907	4468	4975
0.4755	3803	4191
0.4813	2787	3087
0.49705	4608	5140
0.4958	6112	6801
