#{"length":100,"ensemble_size":5000,"signature":"sq_lattice_bond_percolation__periodic_","delimiter":"	"}
#data at critical occupation probability or pc
#<pc><sites in wrapping cluster><bonds in wrapping cluster>
0.487	5567	6189
0.4933	2720	3032
0.49075	6622	7326
0.4839	3704	4099
0.4809	2790	3114
0.48155	3358	3697
0.49735	5742	6432
0.51475	7007	7958
0.4822	5343	5930
0.48395	4664	5191
0.5052	6627	7483
0.48745	4471	4947
0.51	7554	8521
0.4995	6200	6951
0.5026	6504	7323
0.4807	5869	6445
0.5048	7344	8264
0.52	7723	8757
0.502	7125	7921
0.4763	2377	2662
0.475	4254	4688
0.47015	2592	2856
0.4951	6125	6879
0.4919	5060	5654
0.49175	4009	4473
0.47935	4736	5229
0.4914	4465	5001
0.5047	6648	7526
0.4969	5667	6354
0.5013	5112	5747
0.5041	6665	7500
0.48475	4248	4716
0.5056	3286	3706
0.50835	6017	6807
0.4734	2421	2702
0.4785	3793	4170
0.48635	3758	4153
0.49675	5714	6380
0.4953	5608	6252
0.4927	5835	6468
0.4807	2757	3044
0.50915	7302	8271
0.48825	5352	5957
0.4676	2900	3206
0.48585	5064	5635
0.46595	3044	3352
0.50985	7323	8298
0.492	5619	6293
0.49055	6368	7045
0.49705	5209	5851
0.4769	3752	4127
0.4951	5456	6141
0.50205	4942	5564
0.50245	6453	7235
0.48855	5594	6187
0.4951	3517	3955
0.50135	5107	5725
0.50195	4852	5475
0.4782	3403	3750
0.5028	6506	7287
0.48765	5004	5575
0.51775	7854	8945
0.49645	6091	6799
0.49155	6430	7149
0.4797	4088	4498
0.4861	3038	3389
0.4945	3887	4370
0.50425	6869	7725
0.48585	6046	6655
0.50665	6093	6888
0.4927	2695	3020
0.5026	4858	5462
0.51575	7609	8645
0.49135	5740	6389
0.50825	7768	8767
0.48535	5905	6573
0.4977	6804	7610
0.48505	4974	5507
0.4842	4733	5228
0.4958	2615	2904
0.50145	6762	7622
0.47795	2804	3099
0.50785	6767	7610
0.50235	6611	7420
0.50535	6892	7813
0.4853	5761	6408
0.4937	4913	5508
0.4849	4840	5362
0.49345	6185	6858
0.50095	5130	5722
0.4953	5513	6197
0.48005	4067	4473
0.49225	4715	5234
0.5138	7752	8795
0.48355	3392	3755
0.4957	6943	7750
0.4974	7151	7954
0.49855	6696	7451
0.4921	5709	6364
0.4941	4276	4802
0.48325	2325	2594
0.50375	6872	7708
0.49465	6080	6791
0.48775	6108	6773
0.5082	7211	8140
0.50405	4178	4680
0.4879	4993	5546
0.50645	6778	7652
0.5011	6042	6821
0.4799	2794	3064
0.47985	3750	4135
0.4956	2865	3196
0.4885	5923	6573
0.50845	7569	8508
0.48285	2948	3231
0.4951	3335	3725
0.50405	6750	7576
0.49835	5864	6609
0.50345	6504	7326
0.4971	4566	5119
0.50225	6162	6940
0.49505	2041	2283
0.4842	3645	4023
0.49445	5153	5753
0.46065	3196	3492
0.4922	3476	3867
0.48985	6443	7112
0.494	6290	7018
0.50195	7511	8428
0.49255	6148	6854
0.5055	7273	8173
0.50235	6933	7779
0.4934	6665	7438
0.49025	6111	6800
0.4929	5340	5919
0.48415	4956	5469
0.5105	6536	7399
0.47655	1896	2089
0.4981	4589	5147
0.49685	4948	5529
0.48565	3998	4418
0.48285	4394	4870
0.5083	7189	8125
0.49075	5455	6092
0.5032	7211	8073
0.4998	6036	6754
0.50035	7088	7945
0.49905	4982	5564
0.49465	6442	7210
0.4968	5596	6249
0.46375	2150	2334
0.4934	5642	6292
0.5082	7470	8377
0.49715	6097	6812
0.49065	4328	4857
0.49055	6020	6739
0.47495	4045	4462
0.50625	6313	7107
0.49975	4955	5573
0.50845	7081	8036
0.481	3397	3725
0.48835	4854	5367
0.49325	5937	6619
0.4964	6167	6895
0.47105	2303	2530
0.49815	6121	6841
0.50425	6566	7387
0.4846	6086	6729
0.49615	5764	6493
0.49695	4794	5398
0.49765	7268	8089
0.48885	5607	6190
0.5031	6483	7295
0.4741	3143	3465
0.50205	6104	6857
0.5064	6631	7487
0.48675	4854	5397
0.4802	3464	3822
0.4966	6360	7142
0.47895	3286	3649
0.49195	5199	5819
0.48075	4002	4421
0.50965	7538	8462
0.49975	6695	7485
0.49475	6193	6957
0.4965	4028	4477
0.4989	5466	6124
0.49585	6236	6952
0.4997	6384	7172
0.49375	6287	7038
0.4591	2353	2575
0.5022	7012	7838
0.499	5085	5713
0.479	4122	4555
0.48985	5533	6156
0.50535	6175	6955
0.49515	4899	5462
0.5085	7442	8394
0.50495	7385	8275
0.47865	3141	3485
0.49845	6254	6970
0.504	6996	7862
0.4994	6328	7074
0.4998	6476	7294
0.49595	6058	6741
0.49685	5718	6360
0.4996	6111	6862
0.5042	6919	7764
0.48495	3694	4103
0.49205	4864	5388
0.4924	6640	7429
0.48755	6749	7457
0.4998	5983	6725
0.49055	4365	4880
0.4912	6432	7166
0.50655	6573	7418
0.4865	3691	4121
0.4949	6891	7700
0.4884	4438	4965
0.49455	2998	3317
0.5006	6545	7380
0.50045	4811	5372
0.48535	3644	4064
0.503	7095	7924
0.4796	2464	2723
0.4972	5512	6192
0.47085	2860	3147
0.50755	6481	7301
0.49355	5994	6674
0.50935	7372	8336
0.4946	4193	4700
0.4973	5482	6108
0.4974	5432	6102
0.4975	3940	4442
0.4797	3884	4285
0.5041	6278	7052
0.49495	5936	6624
0.51015	7804	8838
0.49535	6193	6916
0.4756	4694	5197
0.50765	7014	7935
0.5107	7156	8069
0.48405	4845	5353
0.496	5978	6651
0.5106	6758	7683
0.49265	6895	7629
0.50955	6557	7393
0.49885	4088	4618
0.50465	6632	7488
0.4854	5938	6605
0.52045	8211	9304
0.48275	5294	5866
0.486	2377	2654
0.48345	3963	4392
0.49925	6694	7482
0.505	7601	8554
0.4817	3240	3598
0.4972	6325	7086
0.4918	6085	6779
0.51055	7461	8448
0.5104	7691	8662
0.51055	5701	6462
0.48975	6287	7027
0.50845	7832	8839
0.47495	4517	4959
0.4913	3635	4063
0.5026	6123	6849
0.5064	6105	6915
0.4881	5187	5759
0.48605	5862	6512
0.49945	6463	7271
0.505	5918	6666
0.49115	4853	5417
0.4902	3686	4054
0.4926	5516	6145
0.49885	6406	7206
0.4885	5314	5936
0.4823	3257	3587
0.49915	7208	8002
0.49485	5245	5861
0.49655	6056	6748
0.48135	2172	2440
0.4984	6978	7823
0.4742	2556	2811
0.49215	5861	6505
0.4905	5483	6119
0.4858	5260	5832
0.50595	7081	7985
0.48245	4280	4751
0.48215	4294	4784
0.4814	5571	6162
0.47995	3778	4172
0.48315	4292	4727
0.49425	4582	5151
0.50935	5715	6450
0.51035	7895	8927
0.4772	4377	4831
0.503	6164	6938
0.48685	4437	4921
0.51755	7204	8184
0.48775	4528	5027
0.49695	4880	5456
0.49925	3853	4296
0.49745	5350	5986
0.4844	4810	5283
0.5056	5903	6635
0.49145	4584	5110
0.4948	5776	6506
0.4913	5693	6340
0.5218	8243	9398
0.49455	7021	7836
0.49835	6228	6954
0.4701	3568	3938
0.49335	5011	5596
0.48005	4315	4746
0.48895	5074	5632
0.5215	8127	9286
0.5106	7711	8677
0.50195	5534	6183
0.50785	4661	5236
0.4829	5893	6571
0.4807	5520	6129
0.49855	4780	5341
0.4832	3302	3662
0.5083	7663	8632
0.4941	6204	6948
0.48175	1559	1721
0.4919	6466	7163
0.4891	5266	5902
0.47665	4619	5128
0.50335	6338	7118
0.4998	4842	5434
0.5032	5543	6232
0.5057	7136	8050
0.50515	6891	7747
0.48445	3488	3865
0.47935	4130	4552
0.4911	3711	4127
0.4997	6908	7723
0.47715	3007	3314
0.48055	4916	5426
0.48615	5294	5898
0.505	7458	8362
0.4855	5098	5690
0.49065	5232	5868
0.5013	6625	7398
0.4971	6467	7189
0.4809	4073	4497
0.5109	6921	7810
0.5011	7417	8342
0.476	4422	4899
0.49985	4914	5489
0.48295	3939	4386
0.49205	4123	4593
0.5098	6699	7574
0.49315	5668	6306
0.48905	3461	3863
0.48485	4442	4921
0.5043	6592	7444
0.5037	5689	6395
0.4942	6571	7331
0.4981	5243	5893
0.4837	6189	6824
0.46845	4002	4384
0.49595	3149	3528
0.4845	5589	6159
0.4973	6601	7369
0.4805	4483	4982
0.49825	5845	6540
0.50385	7269	8124
0.49065	5908	6556
0.4744	3069	3384
0.5031	5657	6402
0.48535	2126	2339
0.4911	6084	6789
0.4907	5991	6686
0.4945	5679	6333
0.4956	3364	3740
0.4853	3518	3940
0.4889	5755	6396
0.519	8247	9375
0.47795	3374	3725
0.49555	4648	5182
0.50625	6454	7279
0.48905	2354	2603
0.5028	7440	8338
0.49885	5764	6437
0.50145	6453	7252
0.47275	2394	2641
0.48935	4098	4533
0.4962	5995	6667
0.49665	5561	6255
0.50765	7359	8301
0.47965	3897	4280
0.48525	5407	6014
0.48405	4915	5440
0.4825	5781	6380
0.4932	4283	4791
0.5024	6548	7349
0.50085	6753	7553
0.503	7127	7992
0.48845	5507	6110
0.50055	7140	7957
0.48975	4515	5036
0.49225	6095	6829
0.50195	3938	4430
0.5025	5631	6342
0.50505	5401	6052
0.49555	5762	6484
0.4871	4116	4574
0.5078	6746	7596
0.50585	6199	6989
0.49865	5908	6616
0.48455	2447	2690
0.4841	4234	4678
0.4786	5263	5794
0.471	1747	1916
0.48225	3548	3950
0.49425	4291	4747
0.49595	4659	5202
0.4954	2687	3018
0.49625	6492	7260
0.4788	5308	5849
0.49495	6430	7188
0.50465	6524	7327
0.491	3570	3982
0.47485	3842	4242
0.50355	6419	7183
0.5002	6893	7761
0.4921	3521	3951
0.49375	1945	2189
0.50245	6855	7706
0.4954	3463	3853
0.49285	6186	6850
0.49275	6094	6795
0.51665	7853	8918
0.508	6993	7847
0.49085	5843	6544
0.50575	7265	8175
0.4873	5845	6492
0.48205	3175	3530
0.4831	4208	4677
0.49225	5389	6021
0.5084	7601	8547
0.5026	5597	6342
0.50235	7555	8437
0.50125	6522	7290
0.50715	7232	8201
0.5007	6600	7419
0.5062	7404	8343
0.4873	3981	4424
0.4777	4164	4582
0.5026	6946	7770
0.50025	6718	7556
0.49495	6322	7045
0.48355	4092	4558
0.50925	6995	7855
0.4932	6641	7422
0.4903	4084	4523
0.49875	6981	7837
0.5056	7442	8366
0.4947	7230	8085
0.5104	7234	8194
0.48785	3966	4425
0.5106	7281	8172
0.5179	7723	8817
0.4983	6879	7710
0.48185	5110	5635
0.49045	6217	6907
0.4981	6150	6887
0.50395	6907	7786
0.49785	3749	4208
0.4868	5627	6230
0.4877	5188	5740
0.4964	7331	8163
0.48975	5215	5798
0.5073	7427	8383
0.4834	4965	5460
0.4967	5076	5693
0.51085	6007	6833
0.511	6636	7507
0.4869	4535	5055
0.50565	5469	6166
0.476	3483	3846
0.4927	5772	6397
0.5092	8099	9106
0.50995	5569	6339
0.49565	6473	7225
0.4793	4409	4874
0.4967	6187	6889
0.4812	3831	4234
0.5057	7168	8090
0.5141	7536	8554
0.49745	5354	6012
0.50455	7956	8887
0.49645	7255	8078
0.4948	4772	5354
0.4919	6019	6737
0.4887	4959	5540
0.48405	2923	3226
0.51415	6029	6831
0.48915	5707	6346
0.4958	6638	7419
0.50745	7472	8436
0.5102	6653	7551
0.4813	4416	4846
0.48585	6514	7199
0.496	5998	6683
0.4938	5189	5792
0.5029	6210	6945
0.4998	6853	7742
0.5023	7043	7923
0.49065	5169	5753
0.46715	2459	2665
0.48525	2963	3279
0.4937	4560	5105
0.4924	3896	4380
0.50325	6268	7027
0.50225	6699	7561
0.48805	5083	5640
0.51285	8026	9066
0.48525	3951	4399
0.48635	2690	3025
0.49645	6636	7431
0.4927	6498	7241
0.4966	5934	6632
0.507	6216	7031
0.49825	7048	7888
0.49505	7242	8042
0.48995	5157	5776
0.48835	6051	6731
0.48655	6011	6690
0.4929	6741	7497
0.4806	3535	3923
0.47455	1935	2156
0.5072	7405	8310
0.4857	4087	4529
0.5014	6172	6919
0.4885	6112	6791
0.49845	5222	5873
0.50015	6930	7757
0.47595	3027	3354
0.49475	4326	4774
0.49395	4101	4602
0.4731	4453	4914
0.48125	2325	2572
0.47305	4557	4992
0.4957	6797	7534
0.49085	5106	5669
0.48485	5514	6106
0.50055	2648	2943
0.50705	7285	8173
0.51305	7375	8338
0.4848	3708	4118
0.5039	6943	7820
0.50235	6139	6921
0.48995	5895	6555
0.5009	6856	7690
0.5224	7978	9151
0.52895	7962	9149
0.49595	6535	7271
0.5023	7246	8142
0.4835	3747	4128
0.5018	6677	7524
0.50365	6601	7407
0.4842	3562	3929
0.50305	7275	8156
0.4799	4695	5172
0.49855	6492	7285
0.5065	6634	7480
0.4938	6109	6765
0.5073	7042	7989
0.4862	3764	4197
0.4754	3867	4285
0.50155	6275	7065
0.4973	6735	7528
0.4758	4756	5213
0.51725	7945	9005
0.48905	2979	3316
0.48375	4630	5151
0.49465	4553	5102
0.4894	3486	3874
0.4946	6242	6993
0.4967	6944	7713
0.4916	5999	6707
0.5111	7840	8826
0.5017	7289	8161
0.49795	6630	7440
0.48735	6161	6834
0.4974	7172	8005
0.49985	5066	5667
0.50555	6164	6951
0.49985	7188	8070
0.503	6501	7267
0.4957	5204	5802
0.49005	6226	6900
0.49885	3522	3944
0.4866	4516	5024
0.50405	6277	7025
0.50085	6831	7636
0.50685	6495	7355
0.49955	5763	6451
0.4867	4953	5500
0.48365	6086	6728
0.4938	6129	6864
0.50195	6428	7236
0.4907	5647	6323
0.502	7225	8097
0.48645	5379	5966
0.50165	5558	6237
0.49955	7344	8250
0.4796	5533	6100
0.4948	5852	6564
0.47725	4171	4585
0.48715	4941	5519
0.5119	2669	3022
0.50465	7873	8828
0.4837	3324	3675
0.5013	6763	7581
0.49235	6225	6924
0.5072	6777	7630
0.5064	7006	7887
0.491	6568	7284
0.51	7319	8307
0.49285	5180	5808
0.49175	6427	7173
0.48975	6437	7137
0.4906	5800	6464
0.488	2800	3084
0.48585	4774	5336
0.46515	2937	3215
0.491	5251	5872
0.4891	6002	6631
0.4872	3126	3482
0.5034	6788	7623
0.48655	5653	6303
0.50615	7456	8443
0.50605	6838	7694
0.5033	7185	8035
0.50565	7005	7900
0.4961	6977	7796
0.49955	6105	6844
0.49145	6024	6681
0.49945	6745	7591
0.49305	3884	4319
0.4989	4152	4653
0.49785	5084	5681
0.49975	5607	6292
0.4857	4957	5498
0.49455	6173	6886
0.4944	3802	4262
0.5001	5657	6348
0.49615	4272	4759
0.4831	2576	2809
0.5004	7087	7959
0.49275	3109	3455
0.4888	3253	3612
0.49975	6921	7735
0.51595	7845	8949
0.5077	7420	8347
0.49735	5021	5641
0.4995	7205	8033
0.48835	6201	6900
0.50665	6052	6793
0.48785	3556	3940
0.506	7160	8062
0.50945	6351	7182
0.49525	6350	7082
0.49275	6308	7056
0.5004	6867	7690
0.4985	4588	5154
0.4875	5521	6114
0.4929	6924	7729
0.488	4428	4926
0.49955	6155	6934
0.502	6719	7557
0.50255	6367	7172
0.4901	5115	5681
0.4977	4766	5332
0.4892	3918	4373
0.50255	6493	7344
0.4939	1266	1377
0.48835	5763	6361
0.48625	5868	6524
0.4959	5022	5627
0.5001	6005	6772
0.49155	3049	3402
0.5017	7633	8518
0.49025	5712	6370
0.5038	3608	4067
0.4951	5615	6280
0.4681	3068	3403
0.48645	2519	2806
0.49165	5745	6403
0.5015	7306	8202
0.49625	6591	7362
0.5085	7854	8845
0.492	5735	6374
0.4907	6244	6970
0.4877	4653	5164
0.50335	7585	8497
0.5026	5890	6605
0.4959	6475	7264
0.5111	7549	8547
0.4921	4524	5024
0.48175	5495	6054
0.486	5817	6447
0.48585	3424	3805
0.4874	3458	3824
0.50005	6476	7277
0.49325	6783	7590
0.47895	3948	4365
0.49975	3970	4454
0.49915	6085	6793
0.47095	3142	3420
0.496	6612	7399
0.49445	5056	5636
0.4822	4537	5019
0.4949	6014	6739
0.4884	3809	4203
0.49455	5696	6373
0.49445	6684	7458
0.48435	3301	3623
0.4695	3405	3721
0.5043	5914	6625
0.49745	2801	3142
0.4927	5906	6612
0.49425	6201	6935
0.50995	6779	7654
0.4732	2072	2284
0.48595	4261	4719
0.4926	6358	7056
0.4998	5435	6080
0.50175	6671	7493
0.49985	6763	7548
0.49105	5636	6289
0.50175	6745	7539
0.50235	7198	8075
0.5026	6903	7732
0.4931	3429	3840
0.49785	7052	7874
0.49805	6138	6871
0.5022	4671	5232
0.50045	6850	7685
0.4904	3820	4268
0.4836	5154	5709
0.4951	6662	7412
0.50955	6733	7655
0.50545	5609	6344
0.47135	4365	4807
0.49515	6868	7666
0.47905	3947	4333
0.49135	5825	6463
0.50515	7663	8566
0.48965	6361	7084
0.4835	5797	6404
0.493	6265	6971
0.49315	5541	6230
0.47755	2002	2248
0.4991	5708	6375
0.50305	6665	7473
0.49375	5227	5794
0.4879	5172	5763
0.48315	5677	6287
0.4969	5445	6106
0.49475	7267	8082
0.4942	3798	4227
0.50285	6909	7763
0.4954	4175	4653
0.50065	5804	6540
0.4893	4883	5440
0.50475	7386	8326
0.4893	4023	4504
0.51095	6813	7728
0.49265	4983	5562
0.49215	5550	6237
0.4883	6324	7002
0.5083	7772	8764
0.50015	6953	7815
0.487	5090	5640
0.479	5059	5573
0.49375	5640	6309
0.49375	3969	4440
0.48485	5560	6173
0.49585	6472	7226
0.4865	6052	6743
0.5047	7211	8133
0.4791	2596	2859
0.49105	4055	4539
0.51435	7207	8207
0.4858	3317	3651
0.495	7219	8024
0.4888	2941	3295
0.4842	3738	4150
0.49925	5576	6226
0.50955	7409	8391
0.50925	5553	6293
0.50235	7215	8083
0.49735	6287	7053
0.48775	5436	6019
0.5096	6013	6792
0.4754	3558	3961
0.49985	6995	7800
0.50805	7502	8471
0.5136	7384	8382
0.5082	7176	8095
0.49355	3867	4333
0.48755	5806	6494
0.49055	4864	5419
0.50025	6120	6878
0.50135	7238	8117
0.492	5398	5991
0.4931	4966	5555
0.48785	2948	3257
0.49145	6280	7034
0.5081	7058	7957
0.4879	5481	6069
0.5054	6909	7771
0.4894	6346	7098
0.49655	5282	5924
0.4899	5602	6232
0.49475	4158	4660
0.5057	6811	7687
0.51175	7486	8464
0.4948	6632	7427
0.4981	5600	6266
0.47825	2517	2776
0.4909	5989	6664
0.48695	5537	6127
0.50935	6607	7455
0.49355	5314	5946
0.47565	3642	3980
0.4828	4685	5155
0.5055	7320	8245
0.4968	5820	6508
0.49445	4480	4968
0.48225	3853	4261
0.48155	3417	3788
0.488	2764	3073
0.5022	7497	8419
0.498	5877	6559
0.4937	6077	6736
0.49845	7260	8132
0.49225	3999	4450
0.50195	7148	8006
0.4928	5187	5783
0.48345	4183	4637
0.4967	4686	5239
0.50015	6706	7487
0.49135	6944	7728
0.48495	4669	5168
0.4915	4095	4609
0.5025	7111	8009
0.4975	6953	7791
0.51155	7023	7961
0.4929	2665	2951
0.49595	6207	6954
0.48535	6320	6993
0.5001	7068	7915
0.50145	6336	7174
0.48305	6599	7251
0.48845	5069	5606
0.4998	7269	8135
0.5114	7358	8345
0.49215	5817	6470
0.50585	7110	8067
0.483	4025	4451
0.4976	6494	7240
0.49165	5852	6477
0.4903	3044	3370
0.49235	7274	8077
0.5111	6986	7903
0.4935	6475	7218
0.49705	6218	6943
0.4937	5172	5740
0.4816	4616	5115
0.48635	5822	6432
0.49765	6182	6934
0.49735	4887	5462
0.4928	6421	7125
0.50455	6656	7491
0.5037	6818	7680
0.5112	6826	7742
0.4982	6207	6969
0.4987	6814	7620
0.50225	5707	6435
0.4744	2620	2925
0.5032	6611	7419
0.49885	6537	7273
0.50325	5983	6728
0.50105	6934	7835
0.48145	4121	4548
0.49185	6347	7117
0.5018	6504	7329
0.4949	5898	6579
0.49755	6828	7647
0.5001	6108	6852
0.49455	3635	4088
0.4752	2268	2497
0.4859	4402	4857
0.4906	4610	5155
0.4808	3801	4195
0.4997	6043	6774
0.48885	5615	6224
0.50615	6858	7711
0.4957	6294	7013
0.483	1957	2162
0.48055	2844	3149
0.4941	4416	4928
0.4976	3839	4297
0.4907	2902	3229
0.49235	5862	6573
0.50205	6830	7661
0.4977	4907	5479
0.49635	6577	7322
0.4988	7177	7995
0.49215	5252	5853
0.5088	7381	8387
0.48905	4690	5196
0.49115	5367	5944
0.50035	6814	7665
0.48805	5026	5571
0.49935	6304	7046
0.4953	6029	6741
0.5102	7298	8243
0.4986	5358	6008
0.48495	3041	3370
0.4948	6698	7494
0.50615	7411	8374
0.5026	7081	7962
0.4877	4592	5115
0.4845	5884	6531
0.49975	5808	6543
0.5092	7833	8846
0.4899	5069	5637
0.5	6860	7688
0.48635	6020	6669
0.4993	6595	7394
0.50395	7246	8153
0.4976	4592	5137
0.4898	4669	5234
0.49365	6205	6899
0.50275	6790	7611
0.4876	4404	4928
0.4884	5389	5951
0.4937	3911	4350
0.49885	7152	8022
0.4845	3289	3680
0.5003	6703	7499
0.4897	5177	5741
0.4906	5740	6398
0.4923	5199	5793
0.4899	5347	5882
0.4971	5091	5705
0.5012	6100	6821
0.4882	5996	6673
0.5078	7317	8240
0.50395	7619	8537
0.5094	7610	8588
0.495	5321	5970
0.5114	7853	8897
0.49165	5195	5764
0.51805	7795	8881
0.4965	6469	7211
0.48985	6234	6924
0.488	5651	6275
0.5102	7867	8880
0.49015	5884	6574
0.5055	6124	6845
0.4948	6186	6880
0.49135	4138	4600
0.5076	5022	5668
0.5009	6427	7174
0.48675	5579	6187
0.504	6474	7307
0.49275	6080	6804
0.48515	4869	5410
0.51145	7260	8204
0.4972	6706	7480
0.5027	6980	7870
0.49605	4479	4980
0.4904	5914	6596
0.5032	5353	6010
0.50495	6892	7762
0.5014	5648	6351
0.50735	7891	8870
0.48975	5640	6317
0.468	2077	2277
0.4901	5347	5941
0.47845	3935	4334
0.50345	6857	7737
0.503	7144	8046
0.4813	5250	5803
0.48635	5081	5668
0.50435	6812	7601
0.5114	6598	7483
0.4899	4672	5224
0.5068	6383	7191
0.5035	5684	6414
0.4964	6183	6892
0.4852	3946	4374
0.5093	7480	8433
0.4992	2207	2470
0.48305	4735	5233
0.4953	5448	6094
0.49685	5395	5998
0.4893	5602	6237
0.50515	6372	7157
0.46935	1630	1784
0.50565	3483	3926
0.498	5185	5828
0.49785	5660	6361
0.483	5139	5684
0.48755	4949	5507
0.50235	6863	7717
0.5197	7815	8887
0.4997	5942	6631
0.50025	6248	7035
0.49985	3825	4259
0.51035	6880	7794
0.4893	4708	5244
0.50455	5145	5806
0.50305	5825	6545
0.4935	5228	5830
0.4839	4728	5222
0.49805	6125	6826
0.4919	5920	6566
0.4914	4059	4545
0.4865	6554	7249
0.4899	4609	5147
0.4934	7078	7864
0.4869	6100	6771
0.50425	5407	6111
0.501	7402	8294
0.492	6667	7391
0.50275	7257	8139
0.49765	6597	7384
0.50095	5891	6629
0.4999	5394	6059
0.51215	6590	7447
0.49065	5917	6573
0.4922	4660	5225
0.49375	5618	6248
0.5084	7215	8153
0.4991	6363	7151
0.5053	7038	7919
0.4991	5169	5792
0.50405	6972	7841
0.4828	6028	6676
0.4841	3476	3898
0.489	6522	7251
0.4886	3240	3593
0.4819	3738	4137
0.4818	3888	4314
0.4997	6427	7162
0.49435	4311	4821
0.47725	3927	4322
0.49375	6175	6863
0.4939	6566	7344
0.5111	7097	8025
0.4962	2976	3314
0.49995	6155	6919
0.49735	6697	7501
0.47645	1947	2151
0.491	5831	6500
0.48835	4992	5567
0.5044	7347	8272
0.4963	6739	7495
0.4918	5695	6331
0.5078	7427	8366
0.4646	3350	3662
0.4907	4341	4843
0.49875	6184	6933
0.487	2176	2424
0.5085	4372	4928
0.5104	8004	9019
0.48685	4807	5321
0.4963	6527	7286
0.4782	3079	3395
0.49555	6862	7620
0.50105	6391	7183
0.5025	7394	8294
0.5008	4315	4850
0.4793	3647	4061
0.4956	3988	4458
0.48555	5424	5989
0.49245	6476	7173
0.5092	7418	8401
0.5076	7367	8320
0.49355	5352	5999
0.4818	4768	5276
0.4894	4829	5350
0.48625	5164	5693
0.49285	3964	4429
0.5047	2968	3341
0.479	4262	4687
0.5052	7288	8185
0.50055	5882	6600
0.5157	7135	8105
0.49255	3776	4210
0.49925	5604	6312
0.48765	5560	6173
0.48155	3895	4288
0.51085	7029	7986
0.4951	4970	5558
0.4728	3209	3486
0.5204	7935	9057
0.4886	5214	5794
0.506	6734	7601
0.4964	2998	3316
0.50375	6855	7665
0.48675	5477	6140
0.49245	5595	6230
0.4961	4399	4938
0.48225	4411	4883
0.5067	5882	6673
0.5009	6633	7388
0.50325	7586	8487
0.486	4748	5277
0.4772	4472	4963
0.48785	2987	3310
0.4967	6033	6763
0.49655	4435	4958
0.49095	5738	6370
0.47675	4888	5409
0.5078	6820	7670
0.4922	6032	6735
0.49655	5562	6207
0.48715	3247	3631
0.4855	5649	6267
0.49295	3150	3535
0.48895	4617	5130
0.4977	5258	5872
0.48415	4145	4615
0.4796	3747	4148
0.5047	6456	7278
0.5062	3804	4297
0.5032	7361	8275
0.5059	6909	7783
0.5031	7473	8383
0.5007	7536	8467
0.47945	3674	4054
0.49105	5738	6407
0.4895	4930	5493
0.4946	4946	5559
0.479	3799	4187
0.49895	6745	7509
0.48525	4845	5372
0.48645	4354	4811
0.49715	5589	6292
0.4954	4254	4752
0.49055	6110	6786
0.5056	7097	7995
0.4934	4355	4890
0.51	8074	9118
0.49345	5453	6067
0.4991	5724	6401
0.49545	6176	6919
0.4968	3435	3821
0.48795	5136	5728
0.49255	5038	5630
0.49815	4816	5398
0.49865	6822	7626
0.50235	5397	6077
0.4887	3955	4420
0.50375	7288	8187
0.496	6085	6794
0.4834	3455	3874
0.4922	3059	3412
0.467	2275	2491
0.4971	6300	7032
0.4737	3203	3545
0.4911	6147	6869
0.49015	5571	6173
0.49185	5851	6520
0.4911	2788	3101
0.49535	5349	5989
0.49145	4889	5435
0.50225	7296	8182
0.49105	5833	6509
0.47345	4487	4921
0.49995	6438	7218
0.50765	6437	7285
0.493	5157	5761
0.49195	5999	6679
0.4931	6439	7170
0.4936	5174	5775
0.5007	6231	7018
0.48465	5283	5846
0.50865	5882	6685
0.48485	4956	5489
0.50485	6810	7655
0.489	6358	7067
0.4904	5881	6504
0.4885	2915	3246
0.48795	3491	3878
0.49875	5531	6146
0.4896	6500	7235
0.49785	5875	6586
0.48875	5699	6324
0.49475	6554	7359
0.49825	6130	6863
0.50305	6807	7654
0.5214	7999	9133
0.48905	4350	4836
0.5103	7022	7958
0.4869	4585	5099
0.49115	5264	5848
0.48655	4737	5283
0.5041	6268	7031
0.49725	6796	7565
0.48695	3586	3974
0.48535	5627	6235
0.50475	5114	5733
0.52115	6911	7917
0.4916	3713	4144
0.50245	6594	7428
0.5148	7925	9017
0.49165	6015	6745
0.49075	4548	5066
0.5044	6533	7325
0.4843	5529	6078
0.49585	6125	6828
0.50215	6640	7490
0.5003	6047	6781
0.51115	7856	8839
0.48985	5987	6659
0.48315	4092	4520
0.4713	3303	3645
0.5041	6885	7750
0.4802	5166	5713
0.51445	6603	7451
0.4798	3084	3392
0.50085	5818	6524
0.4966	3907	4360
0.5003	6241	6977
0.4905	4642	5135
0.49	6706	7486
0.4959	5023	5630
0.49825	6746	7576
0.49875	6386	7145
0.51265	7635	8697
0.49395	3456	3859
0.4944	5840	6514
0.4793	3007	3309
0.49505	6236	6967
0.50355	6903	7724
0.5028	5304	6002
0.48435	5660	6234
0.4846	5382	5892
0.48835	4300	4792
0.49605	4462	4968
0.48665	4071	4536
0.5026	5940	6710
0.48805	5613	6235
0.49445	5371	5975
0.49145	5856	6479
0.50085	5420	6081
0.4761	2731	3007
0.4887	4111	4559
0.48915	5498	6123
0.4856	3872	4268
0.489	4931	5475
0.505	7467	8401
0.49915	2838	3162
0.4855	4769	5278
0.50645	4319	4832
0.49795	4145	4631
0.487	1826	1989
0.4925	4989	5581
0.50225	6385	7186
0.49645	5211	5837
0.4746	4401	4851
0.48855	5678	6333
0.4942	3827	4266
0.48685	5733	6370
0.49815	6051	6789
0.4733	1860	2054
0.4975	5671	6338
0.50975	7048	7960
0.49135	6000	6644
0.51545	7859	8890
0.50445	7152	8053
0.49995	6962	7819
0.49415	6102	6816
0.4878	6461	7173
0.48595	3311	3671
0.47135	3279	3610
0.4819	5028	5539
0.49415	5100	5697
0.50205	6461	7235
0.484	3825	4224
0.5069	6723	7580
0.4943	6802	7593
0.49035	5905	6581
0.4973	6515	7225
0.4834	5331	5935
0.50085	7065	7916
0.49925	5429	6063
0.50085	6423	7180
0.4931	5313	5979
0.47455	1796	1976
0.4896	3943	4357
0.4785	4048	4469
0.4889	7002	7798
0.4875	4994	5546
0.4848	5667	6286
0.4877	5114	5679
0.49965	7100	7916
0.48585	6262	6919
0.5006	5978	6718
0.48165	6166	6781
0.48195	5899	6522
0.49955	6781	7610
0.4957	2869	3170
0.4967	6056	6817
0.4918	6546	7300
0.48225	5019	5536
0.48925	6337	7044
0.4772	3617	4005
0.48925	4530	5029
0.50005	6402	7163
0.47335	2671	2951
0.50625	7683	8645
0.47035	4027	4420
0.50165	6065	6829
0.5007	7249	8107
0.4974	3910	4391
0.49545	5627	6286
0.50175	4867	5501
0.4925	5686	6336
0.48265	2704	2997
0.4939	4943	5490
0.4728	2513	2773
0.50285	6726	7598
0.4735	2432	2699
0.50475	7332	8224
0.497	6822	7634
0.50135	6514	7319
0.4699	3142	3481
0.501	7130	8009
0.4963	5064	5696
0.48495	3810	4193
0.48935	4383	4892
0.49745	5686	6389
0.50875	6597	7471
0.49815	7273	8155
0.4903	5186	5764
0.48605	5083	5631
0.5093	7558	8531
0.49765	5795	6458
0.5097	7149	8099
0.50345	6686	7518
0.46865	3407	3729
0.4802	3639	4046
0.4911	5284	5928
0.49445	6611	7387
0.5005	3436	3833
0.49545	6756	7547
0.4947	6552	7316
0.485	4734	5284
0.48395	4358	4834
0.5056	6952	7834
0.4964	5768	6466
0.49585	5996	6706
0.49	5177	5766
0.4951	5459	6088
0.50965	7219	8178
0.49105	5325	5925
0.49525	5569	6193
0.4889	4646	5158
0.49745	3944	4444
0.4918	5655	6297
0.5075	7534	8473
0.5021	6851	7688
0.49915	5208	5852
0.49725	5278	5974
0.47655	3173	3503
0.49075	6435	7137
0.49825	5239	5864
0.50395	5097	5738
0.49905	5317	5934
0.4937	6777	7572
0.4911	5614	6214
0.50285	7582	8512
0.48205	2751	3042
0.48885	5431	6015
0.4912	6309	7009
0.5064	7333	8269
0.50175	7092	8004
0.47895	4614	5078
0.4893	5681	6312
0.51505	8202	9294
0.5034	6604	7412
0.48815	5592	6174
0.48625	5968	6615
0.4846	2908	3214
0.4825	5378	5943
0.4908	5568	6227
0.4809	5611	6233
0.4926	6029	6727
0.49695	4479	4993
0.4781	3095	3413
0.49755	6912	7690
0.49305	4482	4995
0.49855	6400	7123
0.51245	7502	8526
0.48225	4016	4459
0.47715	3584	3944
0.4888	5720	6365
0.46545	3117	3381
0.49025	6056	6728
0.5155	7666	8692
0.4862	4995	5571
0.48775	5821	6470
0.49455	6128	6815
0.4815	3898	4328
0.4933	6199	6943
0.5042	6613	7440
0.50095	5115	5752
0.49195	3707	4116
0.50125	6011	6772
0.49115	5485	6111
0.4802	4041	4463
0.50005	6622	7402
0.4821	5264	5825
0.49095	3807	4223
0.4891	5044	5620
0.5015	7284	8165
0.491	4147	4614
0.4907	5500	6129
0.487	3806	4253
0.50135	6496	7308
0.50895	7013	7926
0.4862	3551	3951
0.50205	7271	8158
0.4943	6204	6919
0.48695	3544	3946
0.49815	4903	5529
0.50485	7210	8140
0.48595	4308	4799
0.48525	2671	2950
0.4957	6280	7042
0.4952	6677	7492
0.4946	6411	7165
0.49655	6610	7388
0.4946	4665	5237
0.50645	7495	8463
0.4872	4567	5063
0.48415	3532	3935
0.50075	5552	6257
0.4979	6601	7405
0.505	7425	8335
0.4967	5437	6097
0.4995	6945	7794
0.4999	6915	7734
0.4855	2667	2967
0.49425	6326	7053
0.49995	6198	6991
0.4954	5765	6425
0.475	2854	3129
0.4961	6332	7097
0.50045	6402	7198
0.51735	6540	7439
0.47765	4393	4831
0.50735	7541	8518
0.4856	6437	7120
0.45435	1594	1751
0.49775	6727	7515
0.5111	6829	7736
0.50505	7353	8287
0.50765	7693	8645
0.4875	6439	7157
0.4897	6360	7076
0.49275	5624	6277
0.4921	4731	5288
0.5039	6076	6880
0.5065	7103	8004
0.4905	3748	4165
0.5083	6872	7724
0.49825	6417	7195
0.5078	5801	6537
0.4787	2959	3274
0.4842	3777	4171
0.4763	3167	3502
0.48715	3471	3846
0.49115	5376	6017
0.50375	7296	8234
0.48015	5849	6441
0.49695	6255	6997
0.48965	4543	5058
0.50105	6818	7677
0.49055	5742	6376
0.49305	6045	6712
0.48645	4985	5555
0.49245	4655	5178
0.4888	5826	6454
0.48915	5003	5523
0.4753	3374	3715
0.5042	6548	7347
0.49815	5369	6019
0.4812	4305	4739
0.50655	5974	6706
0.51355	7346	8357
0.49845	4537	5119
0.4884	3462	3848
0.48925	3126	3507
0.50365	6125	6929
0.4901	4469	4997
0.48485	5418	6014
0.495	6598	7359
0.48605	4364	4808
0.4899	5069	5679
0.50205	3621	4107
0.49625	6372	7123
0.4959	6442	7181
0.48855	5164	5710
0.4831	4912	5425
0.5138	6504	7376
0.50395	7380	8265
0.4951	3385	3775
0.50795	6911	7826
0.49465	6642	7421
0.49155	6118	6826
0.49005	4295	4756
0.4786	3721	4089
0.4998	6327	7071
0.49845	6460	7212
0.4902	5951	6624
0.4931	5795	6489
0.48985	3854	4260
0.50915	4927	5542
0.4993	6854	7633
0.49215	4890	5431
0.4892	6501	7240
0.4958	4497	5018
0.49915	5970	6675
0.4963	5609	6280
0.4941	6223	6918
0.4923	5120	5703
0.49965	6903	7693
0.48395	5628	6253
0.49735	6556	7377
0.5087	6908	7805
0.50365	3533	3970
0.4916	5186	5797
0.4915	6932	7681
0.4917	5487	6108
0.4986	6459	7224
0.4803	4857	5387
0.4879	5213	5769
0.4817	2767	3092
0.4894	5297	5855
0.4894	6056	6736
0.48	3690	4065
0.51135	6222	7099
0.5016	5583	6248
0.5035	6944	7777
0.47115	3671	4048
0.49565	5258	5900
0.49425	5852	6562
0.50825	7288	8209
0.5048	7546	8439
0.48485	4832	5369
0.48955	3320	3714
0.501	6704	7574
0.4967	5904	6609
0.4737	3754	4093
0.4841	2137	2352
0.4961	4819	5378
0.4984	6061	6815
0.5099	7669	8716
0.48835	4339	4815
0.5013	6335	7108
0.47765	3382	3724
0.50175	4149	4657
0.4972	6696	7507
0.4828	5046	5564
0.4957	5795	6457
0.4918	5716	6379
0.49225	5571	6194
0.48935	5173	5745
0.49305	6571	7324
0.46615	2553	2769
0.497	6491	7297
0.50515	5836	6570
0.48055	3152	3476
0.487	2406	2678
0.49215	4587	5085
0.49775	4583	5130
0.5089	4021	4531
0.46635	1440	1554
0.48145	3923	4326
0.4967	6488	7248
0.49075	3650	4066
0.495	3070	3436
0.4931	4342	4838
0.49375	5955	6651
0.48325	2598	2886
0.48675	4881	5420
0.4784	5049	5550
0.49035	6152	6844
0.49425	4330	4848
0.489	4634	5143
0.49415	5505	6128
0.49585	4687	5221
0.50245	6386	7163
0.49685	6520	7298
0.4972	5944	6611
0.49485	5535	6199
0.49175	5797	6456
0.49255	2320	2610
0.49515	2482	2760
0.4817	3792	4182
0.50365	6885	7778
0.4944	6416	7162
0.4819	3656	4030
0.47155	4120	4555
0.4939	5624	6238
0.49895	7238	8083
0.49865	4698	5285
0.49335	4825	5371
0.5006	5763	6432
0.4936	6407	7149
0.5006	5147	5778
0.4897	6091	6765
0.47445	1734	1875
0.50905	7367	8361
0.4891	6788	7558
0.50485	6509	7309
0.48975	6661	7414
0.4869	4828	5374
0.5027	7031	7909
0.51	6900	7790
0.49975	5599	6280
0.4948	5146	5732
0.50955	7649	8629
0.50905	7192	8086
0.4865	5362	5922
0.49985	4394	4977
0.50325	6667	7524
0.4954	5619	6291
0.5025	6561	7389
0.4966	4304	4830
0.50055	5406	6100
0.51765	7233	8223
0.4928	5786	6506
0.4975	6279	7047
0.49795	6883	7708
0.50015	6784	7582
0.4904	5832	6459
0.49665	6435	7170
0.4957	5513	6186
0.4976	7085	7912
0.49245	5551	6184
0.5027	6641	7459
0.47805	2402	2610
0.50715	5813	6528
0.49925	6426	7224
0.4913	5696	6389
0.50255	6167	6945
0.50885	6829	7712
0.5	4408	4943
0.496	6369	7153
0.49725	6790	7583
0.48505	4769	5257
0.4881	6701	7422
0.5028	6635	7483
0.51305	7160	8133
0.49795	6805	7593
0.4905	4589	5085
0.4958	6814	7577
0.4867	6364	7109
0.5012	6105	6859
0.5054	7169	8080
0.4973	6379	7159
0.48835	5539	6162
0.48635	5240	5867
0.496	6037	6750
0.4975	6995	7839
0.478	4787	5270
0.5091	6880	7728
0.47365	3005	3293
0.4988	5705	6389
0.4951	6416	7194
0.49535	5421	6052
0.50435	4571	5119
0.4972	6035	6715
0.4944	5663	6318
0.5112	7717	8710
0.4909	4187	4643
0.49345	5017	5592
0.4909	6230	6923
0.49985	6677	7437
0.4965	6025	6763
0.5004	6212	6993
0.5105	7363	8299
0.4928	5310	5930
0.493	5150	5728
0.50705	7605	8529
0.49005	5931	6593
0.4876	5917	6541
0.4901	3654	4111
0.4956	6520	7300
0.47885	4148	4589
0.4955	6947	7768
0.49425	6207	6957
0.50205	6811	7646
0.4975	5153	5772
0.5094	7034	7937
0.5139	6513	7367
0.50665	7412	8366
0.4982	4399	4945
0.5016	5675	6362
0.4785	2169	2412
0.50165	7394	8262
0.49445	6036	6707
0.5054	7123	8024
0.49615	6716	7490
0.4884	5717	6401
0.4928	4827	5391
0.4965	5622	6316
0.48715	5445	6036
0.4984	7210	8049
0.4815	4897	5440
0.50405	6922	7838
0.5023	6077	6852
0.5163	7864	8917
0.4855	3112	3439
0.4888	3137	3490
0.47695	3321	3658
0.50655	7838	8814
0.4983	5613	6287
0.47575	3711	4077
0.48295	4944	5439
0.48675	5933	6597
0.5032	6100	6852
0.5002	6073	6796
0.497	6008	6765
0.50025	5949	6643
0.4985	5846	6547
0.4891	2744	3067
0.5067	7550	8484
0.4922	6690	7435
0.49255	6279	6995
0.4926	2361	2643
0.4967	6253	6925
0.4903	5995	6674
0.49335	5767	6400
0.4973	5868	6570
0.49795	5994	6707
0.5245	8160	9350
0.49415	5990	6686
0.48575	4769	5256
0.492	3660	4063
0.49955	6603	7402
0.49705	7054	7880
0.49905	6732	7515
0.48485	6884	7595
0.4784	2934	3262
0.48615	4357	4822
0.493	4836	5436
0.49395	4244	4728
0.49215	5616	6268
0.49695	6526	7303
0.48915	5125	5656
0.4898	6566	7301
0.49265	5110	5694
0.50475	7416	8335
0.48845	4364	4846
0.50605	7358	8308
0.50775	6938	7822
0.48855	6183	6869
0.51495	7263	8256
0.49585	4772	5345
0.48255	2365	2619
0.51205	6572	7476
0.47335	3285	3620
0.4787	3169	3510
0.53135	8340	9622
0.4759	3639	4009
0.5002	6442	7209
0.50455	4240	4764
0.49025	4733	5271
0.50515	6957	7828
0.48715	3110	3463
0.49295	3602	4035
0.5078	7635	8629
0.49205	6783	7584
0.4894	6086	6783
0.5044	7125	8009
0.49095	6055	6748
0.49135	5806	6471
0.4969	5282	5928
0.47815	4073	4514
0.4854	4256	4724
0.5013	6946	7799
0.49265	6266	6992
0.49375	4630	5206
0.4976	6196	6936
0.4949	5261	5902
0.4997	6037	6799
0.4903	5438	6068
0.5038	7272	8169
0.4929	6521	7272
0.48415	4752	5273
0.50545	6894	7754
0.49405	6278	7000
0.514	7376	8365
0.49695	6585	7352
0.497	5915	6660
0.50115	7164	8057
0.49905	6313	7078
0.4969	6714	7506
0.48945	6718	7464
0.5025	6658	7497
0.4906	6605	7347
0.49365	6375	7101
0.4983	5774	6483
0.4983	4732	5300
0.4881	3645	4037
0.5104	7486	8490
0.51055	7619	8606
0.47165	2673	2963
0.489	5597	6261
0.51015	7727	8691
0.49105	6288	6990
0.4849	2523	2798
0.4914	5605	6257
0.4948	4882	5447
0.49815	4421	4944
0.49795	6582	7373
0.4913	6431	7187
0.49725	4563	5114
0.48935	4841	5403
0.4871	5100	5664
0.50995	7700	8631
0.486	5800	6396
0.4986	7045	7861
0.49175	4722	5268
0.50325	6572	7378
0.493	6430	7119
0.49535	5982	6633
0.5023	3726	4169
0.485	6016	6661
0.47695	3965	4400
0.49345	5779	6462
0.501	3456	3891
0.5026	7426	8304
0.49045	4298	4785
0.49195	5664	6295
0.49695	6452	7243
0.49545	6135	6868
0.4926	6418	7168
0.4959	4638	5198
0.4833	4345	4805
0.50945	7322	8302
0.4811	3272	3634
0.4894	6321	7044
0.4992	5236	5863
0.49445	6039	6777
0.4887	5899	6574
0.4861	5284	5870
0.49075	4752	5340
0.4971	5970	6679
0.49535	5270	5872
0.47185	3398	3723
0.49025	3653	4112
0.4874	4618	5151
0.4945	4256	4764
0.49625	4980	5578
0.51905	7771	8865
0.49835	6384	7107
0.4738	3976	4373
0.5107	7045	7952
0.4782	2978	3261
0.48415	5296	5853
0.4951	5145	5708
0.50665	5878	6611
0.50395	3782	4259
0.4877	5295	5873
0.50685	6309	7134
0.50445	7705	8606
0.50275	6561	7355
0.49195	5105	5674
0.49455	5246	5844
0.4971	6547	7302
0.49615	4442	4956
0.50975	6568	7423
0.4995	5542	6197
0.4841	5626	6237
0.49665	6073	6795
0.5	3835	4290
0.5038	6051	6804
0.48265	2805	3097
0.4921	4833	5371
0.49275	4716	5267
0.497	6770	7540
0.48615	2272	2527
0.51075	5566	6286
0.5094	7854	8861
0.4908	5732	6376
0.4897	3267	3644
0.49585	6206	6937
0.48555	4353	4822
0.49205	5589	6220
0.49615	4713	5253
0.49015	4072	4527
0.48525	5786	6436
0.50945	6309	7131
0.46895	2165	2390
0.49835	6233	6979
0.4839	3020	3322
0.494	4170	4629
0.49335	5130	5725
0.5071	6153	6922
0.5096	7203	8107
0.50115	6482	7277
0.5142	6363	7197
0.4888	4466	4972
0.5039	6787	7668
0.49215	5637	6262
0.479	5500	6111
0.49235	4654	5170
0.5007	6808	7576
0.51315	6936	7896
0.49515	6612	7366
0.49255	5888	6551
0.5074	6953	7817
0.4998	6493	7285
0.4948	5859	6529
0.4946	6756	7517
0.48185	4516	4993
0.4986	5735	6442
0.4947	6253	6988
0.4875	4756	5255
0.50315	5781	6472
0.50955	7614	8591
0.47035	3760	4118
0.50245	5956	6674
0.4989	7389	8249
0.4801	4469	4955
0.4827	3994	4444
0.4934	5433	6065
0.50495	7585	8482
0.5026	6732	7575
0.49795	6995	7807
0.48265	6002	6630
0.50785	7907	8901
0.4954	5216	5802
0.49155	5936	6646
0.49785	5774	6492
0.47775	3603	3991
0.50085	5930	6625
0.4996	5885	6616
0.49375	5433	6035
0.4975	6611	7374
0.47335	1616	1770
0.5089	7245	8131
0.47095	2561	2819
0.4899	3773	4178
0.49305	4452	4965
0.4899	5684	6327
0.4936	4604	5100
0.4995	6536	7329
0.5172	7877	8985
0.5026	7491	8394
0.4799	4656	5190
0.4985	6046	6796
0.4971	6168	6922
0.49245	5894	6574
0.4912	4777	5313
0.4887	4490	4989
0.51535	6886	7861
0.4913	5940	6604
0.48465	4479	4957
0.492	5711	6375
0.50545	7572	8486
0.5084	7235	8168
0.47865	4130	4535
0.48295	4962	5475
0.51	5974	6746
0.4882	3347	3740
0.4905	6343	7074
0.5035	6778	7647
0.4993	6302	7056
0.48745	6374	7083
0.493	4981	5576
0.4909	4874	5430
0.48645	5881	6485
0.5039	6541	7371
0.49295	6670	7408
0.4849	4400	4878
0.50065	6674	7466
0.506	7505	8436
0.4889	4863	5419
0.50445	6081	6877
0.4933	4685	5215
0.4963	4995	5560
0.49655	4421	4956
0.4936	3557	3974
0.48245	4864	5382
0.50075	6510	7300
0.5017	6724	7540
0.52365	8217	9407
0.49905	7222	8083
0.514	5357	6045
0.5073	7498	8420
0.4866	3599	3986
0.4946	6082	6772
0.5019	5479	6146
0.49975	6942	7777
0.50695	6525	7362
0.50105	5855	6584
0.5183	7672	8716
0.509	7297	8202
0.48765	2719	3020
0.4948	4485	5036
0.48855	5140	5659
0.4888	6074	6743
0.49205	6338	7058
0.49225	5713	6354
0.5	7027	7870
0.4989	5118	5750
0.48615	4339	4828
0.4899	6196	6850
0.489	4071	4520
0.49185	5827	6502
0.4936	5998	6674
0.4997	6537	7337
0.5158	7664	8694
0.4827	5582	6173
0.4967	2518	2831
0.49655	6069	6805
0.49275	6024	6740
0.4949	6067	6783
0.50725	7217	8149
0.5057	5501	6184
0.4975	5688	6408
0.4844	4699	5185
0.4848	5828	6434
0.50795	7583	8559
0.49075	5354	5938
0.47355	3143	3463
0.48225	5209	5754
0.49155	5755	6390
0.5025	6652	7485
0.5001	5922	6653
0.5012	5353	5991
0.5041	7431	8351
0.5066	7082	7976
0.4971	5044	5690
0.5013	5441	6086
0.4874	6344	7018
0.48735	5621	6217
0.4903	3608	4039
0.50565	3163	3591
0.51155	5693	6441
0.4941	5796	6464
0.5109	7537	8510
0.4825	4416	4883
0.49305	3172	3516
0.4922	4204	4698
0.48	4281	4727
0.50365	5432	6120
0.4816	3911	4362
0.49735	6394	7157
0.49055	5731	6390
0.4762	3370	3724
0.4994	7519	8366
0.4865	5137	5716
0.4852	5262	5820
0.4917	5725	6387
0.4845	4103	4550
0.4822	2850	3166
0.4882	4571	5070
0.49045	5624	6256
0.49665	6346	7102
0.4789	4072	4510
0.4862	5537	6154
0.5014	7125	8021
0.4946	6477	7228
0.48765	6588	7286
0.4969	5535	6182
0.5013	5722	6434
0.48355	4582	5091
0.49	4175	4643
0.49715	6710	7504
0.49725	4867	5425
0.4888	4218	4716
0.4983	7058	7886
0.5026	4836	5453
0.4759	5605	6147
0.5014	7072	7954
0.4921	3843	4281
0.48275	3001	3318
0.49605	5857	6577
0.495	6425	7196
0.49945	5504	6187
0.49465	6517	7267
0.48955	5944	6606
0.4946	6580	7344
0.49855	7550	8441
0.4919	2849	3177
0.4917	5196	5768
0.5031	7342	8252
0.5084	6854	7747
0.5002	7292	8178
0.50005	7030	7855
0.49705	4662	5173
0.49505	6969	7776
0.49625	6921	7715
0.4989	4628	5170
0.5025	6307	7110
0.49425	6015	6719
0.505	7028	7893
0.49605	6731	7484
0.50455	7492	8408
0.4906	6369	7070
0.4899	5978	6667
0.4861	5315	5896
0.49805	6537	7356
0.49525	5929	6634
0.4945	5334	5985
0.50685	6397	7214
0.48625	5358	5960
0.5011	7154	8050
0.49385	5050	5646
0.48255	2832	3140
0.50145	6241	6959
0.49275	6625	7362
0.50985	5999	6783
0.49975	6378	7160
0.49405	5547	6195
0.50545	6943	7831
0.5009	5893	6641
0.4908	3378	3755
0.5022	6510	7302
0.4932	6799	7589
0.4736	4424	4845
0.4659	3196	3488
0.51555	7968	9072
0.4927	5979	6657
0.51565	7892	8970
0.4891	5245	5820
0.49745	6603	7381
0.51315	7472	8478
0.5066	5651	6402
0.5076	6625	7517
0.49065	5445	6064
0.5034	7321	8222
0.48185	3238	3606
0.499	6603	7369
0.49305	6290	7013
0.49305	4491	5012
0.50055	6928	7775
0.50065	7264	8158
0.5209	7726	8825
0.49735	6388	7154
0.50685	7186	8074
0.49955	6747	7575
0.4946	5447	6074
0.48515	3650	4070
0.48805	6426	7115
0.50795	7093	7998
0.489	4427	4904
0.4854	4855	5372
0.49705	6557	7319
0.5095	7092	8024
0.5011	7344	8219
0.48435	5720	6308
0.5006	6365	7071
0.5115	5800	6535
0.51155	7390	8355
0.49685	6632	7418
0.49695	4329	4864
0.5035	6257	7031
0.48935	6347	7051
0.50535	6655	7496
0.4951	6745	7548
0.4994	3902	4375
0.5075	5949	6689
0.4841	4756	5263
0.48475	3881	4348
0.49685	5759	6450
0.4934	5643	6259
0.49535	6800	7593
0.48915	5543	6186
0.47855	4306	4742
0.5044	5004	5668
0.49135	6768	7567
0.4753	2695	2956
0.5037	6492	7303
0.4991	7550	8424
0.5029	6690	7533
0.4892	4575	5090
0.4929	5498	6155
0.50325	6939	7832
0.4874	3529	3913
0.49885	7063	7911
0.5003	5523	6204
0.50755	7153	8095
0.4924	5979	6684
0.4869	3187	3549
0.5001	6850	7656
0.50205	6603	7399
0.49685	6303	7049
0.495	5133	5734
0.50315	6224	6948
0.4891	2719	3017
0.48815	4054	4509
0.4938	6284	7058
0.49165	3562	3997
0.4867	5223	5775
0.50195	3124	3528
0.4987	6423	7158
0.48885	5854	6512
0.4942	3479	3892
0.4969	6683	7500
0.49105	3206	3589
0.4866	4616	5133
0.4807	4492	4948
0.49455	7105	7910
0.50925	7525	8521
0.5065	4680	5301
0.5085	4460	5029
0.49755	3137	3491
0.49955	7078	7923
0.48885	3131	3446
0.4936	6189	6901
0.51	5397	6118
0.49445	5429	6075
0.5016	7543	8477
0.50035	6725	7523
0.48125	6020	6626
0.47995	4877	5386
0.4958	5124	5724
0.48535	3886	4273
0.5072	7174	8059
0.49115	4033	4550
0.5042	6085	6847
0.49275	6484	7206
0.50755	7187	8102
0.4955	5687	6350
0.48375	3627	3997
0.4835	5445	6041
0.50505	4561	5156
0.4883	4479	4978
0.4626	2004	2196
0.4819	4032	4494
0.48625	3754	4183
0.4739	3139	3461
0.51435	7558	8546
0.49865	6919	7733
0.49165	6143	6844
0.4961	5094	5726
0.49175	6154	6860
0.49725	7430	8262
0.4707	2923	3206
0.50355	5911	6611
0.48465	2572	2820
0.4843	4630	5093
0.5135	7360	8327
0.4904	4973	5557
0.46955	2240	2462
0.4944	6416	7161
0.4982	5075	5668
0.49325	3515	3920
0.49085	4624	5153
0.50085	7087	7972
0.45815	2283	2498
0.49425	5444	6063
0.5143	8081	9162
0.4971	6744	7517
0.5012	7058	7893
0.4935	4389	4918
0.49055	4580	5066
0.4884	5259	5826
0.4789	2554	2802
0.4878	2924	3275
0.501	6855	7715
0.4836	4556	5078
0.5034	6617	7425
0.4958	5877	6572
0.4849	4692	5229
0.50705	6932	7800
0.50075	6438	7243
0.49745	6145	6887
0.4927	2061	2289
0.4959	5127	5721
0.5088	7385	8347
0.49135	6516	7212
0.4855	5725	6365
0.4915	5676	6328
0.49045	5026	5587
0.501	5890	6618
0.48645	1733	1930
0.49355	6004	6689
0.502	6901	7750
0.4847	4620	5138
0.47965	2559	2835
0.49325	3904	4350
0.5159	7683	8709
0.49405	4530	5053
0.49195	6298	7017
0.49465	4367	4871
0.4888	5998	6698
0.47735	3225	3526
0.51415	7015	7970
0.49285	6505	7253
0.48145	5678	6263
0.48175	1564	1735
0.48095	4459	4940
0.4959	5832	6546
0.5074	6439	7282
0.50835	6932	7798
0.4946	5061	5683
0.4909	5653	6264
0.4857	5638	6207
0.5138	7767	8792
0.49795	5380	5980
0.50015	6212	6959
0.49255	4587	5138
0.50295	4168	4704
0.48905	4520	5054
0.48795	6563	7310
0.50855	7586	8538
0.5038	7078	7963
0.5049	6036	6807
0.49865	6897	7700
0.49545	5616	6278
0.5088	7138	8065
0.49635	5911	6603
0.49815	6379	7109
0.4982	3994	4457
0.51015	7049	7954
0.5058	6044	6808
0.5056	5744	6463
0.4914	5310	5941
0.48205	4643	5155
0.49565	6829	7641
0.4943	6012	6730
0.49025	4359	4841
0.48275	5772	6405
0.50075	6043	6773
0.48705	3581	3933
0.4954	4307	4807
0.5079	7339	8236
0.4897	4520	5016
0.49405	6471	7240
0.5123	7043	8001
0.48325	6165	6821
0.5	7456	8380
0.4981	6812	7611
0.4854	3486	3865
0.4794	5080	5654
0.48535	5693	6295
0.50915	5069	5748
0.4961	3841	4290
0.49025	5082	5669
0.5034	6138	6893
0.5015	7101	7950
0.5031	6192	6930
0.51795	7622	8676
0.47945	4554	5015
0.4953	5950	6603
0.49735	5143	5739
0.49105	6512	7246
0.50795	6157	6961
0.49245	5958	6584
0.49065	5540	6147
0.49235	3085	3458
0.47775	3436	3807
0.48845	4103	4553
0.4987	4541	5109
0.49635	6111	6830
0.50845	7248	8197
0.49595	6242	6990
0.50845	6922	7780
0.50165	6775	7547
0.50265	6485	7248
0.5036	7026	7930
0.50585	7774	8724
0.5052	6268	7019
0.49905	6976	7782
0.5036	6845	7693
0.5051	5738	6490
0.5054	5686	6415
0.4915	6636	7390
0.5033	6131	6883
0.5076	7439	8381
0.49185	5593	6220
0.5069	6749	7630
0.4607	3937	4321
0.49565	6074	6771
0.4877	4431	4951
0.47145	2495	2739
0.5066	7565	8511
0.4839	4261	4735
0.4991	6187	6943
0.50655	7332	8268
0.49585	6812	7577
0.4835	4758	5276
0.48445	4211	4659
0.49445	6075	6783
0.5016	6697	7576
0.50485	6438	7249
0.50095	6726	7549
0.505	7101	7932
0.4994	6698	7496
0.49635	6010	6701
0.49565	6185	6920
0.50075	6128	6898
0.50345	5752	6471
0.5143	7285	8233
0.5075	5456	6167
0.4955	6769	7540
0.47615	4463	4965
0.5247	8469	9643
0.5081	7731	8683
0.49375	4904	5515
0.49325	6633	7377
0.4939	4345	4861
0.50875	5254	5935
0.51345	7601	8665
0.484	3924	4342
0.5001	6731	7521
0.5002	6042	6744
0.49815	6707	7509
0.4905	3276	3666
0.51375	7845	8840
0.5064	5757	6502
0.49835	4502	5031
0.5028	7817	8729
0.4999	6611	7413
0.5005	5743	6428
0.49795	4784	5337
0.50235	6107	6857
0.48665	5159	5750
0.48945	4228	4716
0.49585	6726	7460
0.5084	6729	7591
0.50395	6685	7473
0.50135	6798	7599
0.5062	6254	7030
0.49	5718	6362
0.4829	2696	2981
0.4949	4923	5498
0.50015	6813	7640
0.5175	6921	7907
0.49085	5236	5824
0.4883	5368	5972
0.5094	7054	7960
0.4873	5499	6098
0.48815	4713	5218
0.496	5894	6591
0.5018	5849	6571
0.5055	7337	8272
0.49025	5785	6447
0.49165	5729	6404
0.50945	6185	6936
0.50785	7090	8017
0.48275	5039	5593
0.50055	4856	5439
0.4976	3670	4108
0.50155	4586	5163
0.4904	5114	5686
0.4945	4640	5229
0.50405	6875	7734
0.50295	5434	6098
0.48995	6274	6973
0.4806	2462	2728
0.4727	3424	3794
0.4844	4482	5000
0.4897	5970	6664
0.4924	6106	6835
0.51115	7223	8158
0.5031	7263	8145
0.50715	6499	7319
0.49015	5263	5878
0.49855	6227	6977
0.51335	7300	8248
0.4947	4700	5255
0.49275	4514	5024
0.5051	5813	6572
0.481	2569	2842
0.4907	4512	5037
0.4941	6211	6928
0.49325	5485	6118
0.4893	5386	5973
0.4838	3793	4203
0.48995	6106	6774
0.49365	4886	5417
0.5048	6181	6927
0.5089	5888	6631
0.49145	6106	6829
0.5046	6369	7163
0.4901	6051	6708
0.4933	6172	6909
0.4878	4987	5551
0.49795	6281	7035
0.4829	5175	5747
0.51695	6407	7309
0.4762	2544	2787
0.49055	5373	5999
0.508	4244	4817
0.4864	5536	6160
0.50855	7230	8181
0.49365	3980	4433
0.49165	6810	7540
0.48705	3454	3835
0.4863	5768	6416
0.5089	7443	8442
0.4901	4995	5548
0.4919	6810	7600
0.48395	4629	5118
0.4971	6034	6779
0.4893	3395	3767
0.4903	6316	7033
0.4858	3960	4407
0.48125	3360	3735
0.4856	5570	6175
0.4908	6097	6831
0.4948	6141	6861
0.4974	5557	6224
0.5011	3974	4482
0.4976	6412	7206
0.4906	5750	6415
0.4928	2806	3130
0.4895	4829	5359
0.50445	6418	7251
0.5077	7341	8292
0.4919	6446	7201
0.5087	7465	8404
0.48425	2753	3057
0.49025	4713	5240
0.4866	3936	4382
0.49385	6407	7127
0.4938	6870	7658
0.5033	7422	8329
0.47505	3281	3638
0.4959	6475	7243
0.4961	6624	7424
0.48925	4141	4599
0.48395	4511	5012
0.4994	4512	5024
0.4691	2988	3284
0.49895	5080	5701
0.4858	5369	5999
0.49415	6708	7492
0.50015	4836	5388
0.49925	6404	7128
0.50045	6714	7546
0.4979	5345	6016
0.481	3322	3701
0.49025	2552	2858
0.49915	4200	4717
0.4932	6759	7522
0.50125	6454	7245
0.49795	6064	6755
0.51405	7328	8297
0.4955	6683	7445
0.4947	6595	7369
0.49455	5281	5889
0.51405	7089	8075
0.5008	6799	7615
0.49425	5082	5708
0.48595	5541	6158
0.495	6681	7458
0.4946	3017	3385
0.50455	6972	7821
0.5175	7853	8926
0.4827	2500	2727
0.50165	6828	7645
0.4934	6059	6755
0.5082	7250	8167
0.48175	3214	3565
0.48225	4197	4638
0.50075	7510	8360
0.5024	4062	4610
0.4907	5193	5812
0.5083	7170	8133
0.49565	5903	6614
0.5023	6549	7366
0.4874	6112	6780
0.49145	3667	4075
0.4968	6862	7684
0.4863	5268	5855
0.5027	6974	7828
0.50185	6024	6749
0.49595	6535	7297
0.4905	5254	5837
0.49665	6738	7527
0.4881	6016	6667
0.5001	6728	7563
0.48775	3636	4026
0.49005	4771	5286
0.4965	5808	6501
0.47955	3582	3977
0.4805	5571	6127
0.4942	6077	6766
0.48215	3570	3983
0.5024	7227	8086
0.4902	5738	6379
0.47775	2186	2405
0.50215	4721	5291
0.4929	5628	6293
0.4926	5174	5735
0.49315	3877	4336
0.4977	6584	7372
0.48365	5424	6007
0.48685	4603	5104
0.4741	4185	4617
0.50525	7323	8221
0.4982	6346	7114
0.4849	4743	5219
0.49475	6092	6827
0.49605	6043	6786
0.49405	5331	5958
0.50615	7366	8304
0.49205	4307	4802
0.4748	1858	2024
0.4809	5781	6397
0.5103	7894	8918
0.51785	7346	8329
0.4957	6667	7446
0.48315	4278	4753
0.48815	4769	5327
0.4966	6259	6961
0.4886	2666	2979
0.5304	8352	9573
0.49555	4595	5153
0.49715	6773	7541
0.49895	4471	4989
0.49475	4741	5286
0.50275	5441	6088
0.4919	4836	5381
0.51635	7379	8368
0.4829	4624	5112
0.5133	7701	8715
0.4949	6172	6912
0.4996	7042	7862
0.5016	5437	6107
0.49145	6110	6776
0.4705	1714	1889
0.4924	6237	6928
0.49505	4731	5243
0.51615	5649	6410
0.50995	7411	8351
0.50485	7052	7923
0.4842	4440	4963
0.48375	3570	3947
0.5052	6725	7553
0.5077	7122	8040
0.4861	5044	5598
0.49515	4264	4773
0.51665	6616	7530
0.50125	4968	5540
0.4936	4931	5493
0.496	6830	7643
0.49575	6159	6896
0.5112	7272	8263
0.49795	5884	6596
0.49155	5747	6371
0.4822	4964	5471
0.5046	7540	8464
0.49335	5172	5771
0.4953	4578	5124
0.49275	6276	6990
0.5164	7886	8950
0.4961	6176	6864
0.48745	3456	3834
0.5013	6866	7674
0.4954	5062	5675
0.50525	6477	7273
0.50125	6096	6856
0.50605	7042	7934
0.5052	7247	8147
0.49825	5585	6301
0.49445	6296	7018
0.5015	6958	7806
0.4926	5519	6129
0.48915	4402	4923
0.4905	4747	5266
0.4803	2802	3135
0.49845	6655	7461
0.4959	4490	5032
0.4857	5760	6381
0.5077	7078	7980
0.49605	6188	6911
0.50435	6768	7663
0.5004	5526	6185
0.47555	2355	2591
0.5169	7501	8518
0.48725	3949	4417
0.47985	3013	3330
0.47085	1947	2154
0.49155	6916	7659
0.5045	6414	7236
0.4982	5691	6342
0.47855	5420	5960
0.4986	6234	6975
0.50595	6999	7908
0.50215	7057	7941
0.50735	4854	5471
0.4671	2554	2787
0.49805	4304	4808
0.5016	6421	7207
0.5	6610	7374
0.4932	5858	6538
0.49385	5710	6390
0.4799	2553	2820
0.48845	7019	7765
0.48725	5277	5840
0.50155	6573	7355
0.49015	6241	6907
0.48575	5553	6145
0.49445	5986	6684
0.5003	6865	7717
0.48735	2861	3173
0.49975	7059	7902
0.4938	3101	3450
0.4928	5485	6119
0.5129	6394	7258
0.48555	2318	2567
0.5022	6467	7269
0.48925	4174	4632
0.4918	5851	6509
0.4943	5513	6148
0.47605	2600	2869
0.5132	7472	8462
0.4872	2817	3148
0.4978	5558	6215
0.482	4416	4950
0.49475	3605	3991
0.4795	2643	2910
0.50715	6281	7126
0.49715	5587	6279
0.49195	5973	6626
0.48305	2623	2892
0.50745	7342	8291
0.50005	5159	5757
0.48025	4682	5167
0.49625	6071	6788
0.49175	4395	4905
0.49095	6452	7153
0.50605	7345	8265
0.49935	6903	7729
0.48915	4725	5225
0.5231	7643	8747
0.48	3462	3823
0.4831	3419	3791
0.47005	3808	4188
0.4895	6050	6720
0.50135	5954	6736
0.4943	6049	6748
0.50375	7218	8054
0.49065	4937	5478
0.48695	3244	3602
0.5032	6896	7763
0.4965	5805	6478
0.491	6455	7182
0.502	6955	7797
0.4868	5306	5839
0.4891	4273	4751
0.50065	6202	6964
0.50025	7497	8377
0.4887	4606	5141
0.48235	3557	3971
0.49785	6879	7690
0.4928	6446	7185
0.49025	3407	3790
0.4757	2317	2529
0.50345	5941	6697
0.49205	5265	5872
0.5177	8057	9161
0.5019	6152	6912
0.4949	6692	7433
0.5024	3077	3488
0.5021	7101	7976
0.50165	6759	7579
0.48515	5943	6557
0.49295	4345	4850
0.4949	5280	5895
0.4903	5921	6557
0.4912	5134	5712
0.4958	6492	7248
0.47685	4763	5264
0.49595	6735	7506
0.49385	5683	6306
0.49075	4939	5473
0.49215	2735	3055
0.4968	5461	6113
0.49985	7266	8162
0.488	5833	6457
0.50085	5735	6398
0.50185	6288	7062
0.49525	6703	7509
0.49925	7078	7927
0.5055	6486	7311
0.5045	6803	7654
0.49395	7075	7896
0.47345	2056	2276
0.5009	7423	8334
0.4998	6445	7202
0.5024	3401	3821
0.4988	5769	6484
0.46985	3371	3671
0.49205	6283	6991
0.49095	6659	7411
0.50365	6601	7360
0.4929	3325	3729
0.4865	3299	3639
0.48915	5900	6528
0.4976	6257	7027
0.492	4650	5182
0.48545	5275	5821
0.49995	5762	6442
0.49355	5146	5734
0.4914	5894	6559
0.5098	7340	8314
0.4813	4686	5170
0.4896	4520	5011
0.4979	5727	6404
0.49845	7163	8021
0.49275	5219	5827
0.51015	6103	6899
0.4922	5981	6662
0.48035	4860	5375
0.48365	5101	5668
0.50775	5783	6553
0.4998	5743	6421
0.49325	5493	6116
0.4834	4994	5575
0.4918	6309	7006
0.50385	6799	7581
0.50735	7319	8282
0.5013	6382	7147
0.4985	5020	5622
0.48975	5191	5769
0.48405	4036	4508
0.4891	4788	5338
0.4957	7105	7913
0.48555	2750	3036
0.4858	5277	5829
0.50185	6328	7100
0.49665	5907	6592
0.50255	6778	7590
0.49375	3248	3672
0.4837	3060	3386
0.5011	4406	4944
0.4994	4639	5223
0.5005	6355	7119
0.487	5546	6166
0.49485	6697	7465
0.5001	6160	6897
0.48905	5573	6167
0.50755	6708	7589
0.49005	6353	7075
0.5067	6328	7088
0.49825	5554	6232
0.48525	4297	4753
0.49575	6436	7174
0.51155	5527	6234
0.4892	5458	6086
0.4905	3686	4089
0.49435	3092	3534
0.49485	5098	5671
0.49545	4943	5533
0.4803	4309	4750
0.50015	6579	7415
0.4929	4695	5212
0.48095	3535	3905
0.49535	6246	6999
0.49915	6346	7114
0.50345	6626	7461
0.48665	4948	5484
0.46625	1772	1913
0.51265	7537	8564
0.49315	6858	7628
0.49775	7038	7837
0.49155	4589	5131
0.5072	6691	7550
0.49535	3906	4365
0.4885	3770	4144
0.4878	3824	4259
0.46955	4174	4590
0.4766	4913	5454
0.5055	6529	7357
0.50005	6565	7339
0.48445	5486	6099
0.50185	6960	7796
0.47695	2844	3140
0.4897	2944	3269
0.49825	4988	5620
0.498	5698	6367
0.49275	5118	5707
0.4976	6695	7485
0.5119	7374	8339
0.50075	5156	5776
0.5011	6373	7151
0.4857	5226	5833
0.49855	5523	6202
0.47245	2671	2925
0.47595	3056	3373
0.4855	4082	4533
0.49625	6642	7402
0.50895	6987	7864
0.4977	5474	6140
0.50635	6253	7029
0.49785	6362	7102
0.4864	6269	6937
0.503	5189	5857
0.50355	6626	7432
0.4863	3852	4256
0.50195	7131	8025
0.4845	4608	5131
0.48815	6603	7334
0.4939	6425	7168
0.49525	4287	4806
0.4922	5015	5613
0.49175	5613	6261
0.489	5662	6277
0.4944	3893	4333
0.50715	7596	8551
0.4875	4024	4446
0.5142	6794	7702
0.45835	2223	2449
0.5019	6136	6884
0.4895	6126	6843
0.48935	5803	6464
0.5092	7748	8764
0.49305	3848	4302
0.5102	7363	8323
0.49245	5186	5807
0.4916	6113	6839
0.4823	4854	5369
0.47835	3435	3779
0.4963	6922	7719
0.4914	5795	6472
0.4916	6472	7188
0.5095	7707	8734
0.51775	7747	8796
0.4818	6089	6759
0.4926	5208	5817
0.50005	6494	7256
0.506	6519	7355
0.48955	5415	5992
0.5054	7243	8152
0.48725	4870	5402
0.51655	7361	8349
0.4813	4545	4997
0.48845	4016	4473
0.4935	6076	6762
0.50225	7255	8184
0.5035	7192	8103
0.4999	6626	7438
0.48915	5318	5911
0.48685	3390	3768
0.51085	6598	7468
0.494	5591	6253
0.4918	6326	7012
0.50375	6333	7146
0.49845	5610	6271
0.4919	4131	4579
0.49955	4687	5278
0.498	6741	7557
0.4982	4290	4809
0.509	7328	8237
0.5029	6782	7613
0.50065	4536	5089
0.49955	7235	8050
0.4816	4863	5389
0.4968	4171	4665
0.48485	5198	5774
0.48255	6288	6924
0.5011	6611	7451
0.49315	5808	6461
0.5101	7639	8608
0.47405	4411	4858
0.4853	5952	6636
0.4963	6724	7505
0.4985	7124	7939
0.4808	5651	6268
0.4924	6886	7660
0.48605	4821	5297
0.5031	4735	5300
0.5027	6377	7176
0.5007	4638	5197
0.487	5246	5843
0.49835	5873	6563
0.4824	4641	5137
0.494	6614	7384
0.48715	3175	3521
0.49135	4793	5325
0.4983	4186	4690
0.4947	7076	7905
0.499	4705	5315
0.4874	3343	3748
0.5007	6979	7852
0.5005	7014	7893
0.50325	4566	5137
0.49655	5449	6063
0.47805	4554	5007
0.50535	6536	7314
0.46175	2306	2507
0.4986	4343	4880
0.50015	4951	5542
0.49485	6101	6822
0.51585	7708	8793
0.49835	5020	5627
0.5029	6703	7579
0.4882	4389	4880
0.4875	3880	4296
0.4959	5792	6517
0.5049	7570	8521
0.49535	3624	4041
0.4996	6595	7397
0.4854	5543	6163
0.4889	2687	2950
0.49555	2918	3260
0.50395	7091	7981
0.49735	3853	4313
0.47975	5146	5696
0.5159	7097	8067
0.48495	5322	5884
0.5181	7676	8807
0.48575	5319	5926
0.4867	5984	6650
0.50845	6368	7192
0.49835	6204	6933
0.5057	5221	5878
0.4915	5015	5561
0.49475	6464	7209
0.50905	6239	7050
0.49715	6208	6907
0.47685	4161	4578
0.49555	6153	6872
0.48005	3319	3665
0.4846	4371	4849
0.4886	5712	6357
0.51575	6863	7832
0.49355	6477	7246
0.4855	2536	2813
0.4835	5320	5913
0.48585	4731	5256
0.50125	6754	7550
0.49625	6128	6855
0.4934	4877	5403
0.50665	8061	9033
0.49225	5265	5884
0.4934	5371	5989
0.50575	5686	6371
0.48835	5773	6407
0.48535	4762	5273
0.4887	4722	5247
0.49215	5249	5835
0.50025	6172	6949
0.4803	3541	3906
0.5084	6112	6874
0.4879	4453	4917
0.5042	7263	8109
0.50275	5717	6419
0.5029	6630	7450
0.48805	6208	6901
0.48215	4868	5380
0.5119	7334	8263
0.4846	4354	4790
0.49485	6109	6806
0.4939	5217	5806
0.49715	5998	6706
0.48625	4435	4909
0.5069	7145	8057
0.4762	2695	2991
0.5109	6820	7697
0.49675	6238	6952
0.48755	4257	4748
0.51295	7573	8569
0.50245	6924	7811
0.4997	6521	7291
0.4948	6438	7172
0.4893	5996	6675
0.48715	4037	4511
0.48795	5391	5950
0.5077	6781	7652
0.4931	6329	7038
0.5069	6630	7482
0.5091	7567	8556
0.49055	5123	5711
0.5121	7481	8434
0.45725	2309	2551
0.50515	6336	7134
0.5038	4779	5423
0.4881	2642	2924
0.48075	4853	5386
0.4812	4336	4806
0.49095	4843	5421
0.47265	2029	2228
0.4975	6399	7132
0.49255	4478	5007
0.4933	6531	7267
0.4877	2613	2873
0.5021	2376	2667
0.4988	6709	7522
0.50765	7175	8068
0.5145	7994	9066
0.50545	6778	7634
0.4831	5427	6001
0.4999	6375	7121
0.49075	3936	4411
0.5081	6663	7531
0.48865	5725	6337
0.49975	6881	7673
0.5007	6112	6898
0.4957	6470	7232
0.4965	5986	6706
0.4774	2309	2559
0.5106	7445	8418
0.50435	7128	8007
0.48255	2814	3094
0.5144	7160	8160
0.47935	3538	3883
0.49285	2966	3296
0.509	7388	8340
0.50895	6862	7803
0.498	6003	6701
0.5014	6554	7369
0.484	4078	4535
0.46685	2771	3036
0.5054	6373	7211
0.4935	6310	7018
0.50315	6814	7636
0.4763	3982	4409
0.49885	5671	6394
0.49555	6660	7415
0.5016	4632	5162
0.4819	3298	3656
0.49375	4745	5313
0.4968	6957	7787
0.51245	7696	8700
0.4911	4366	4860
0.4881	3145	3498
0.48565	4711	5250
0.48295	3316	3674
0.4796	4323	4768
0.5024	7540	8473
0.5027	6846	7696
0.48785	5751	6380
0.48695	6496	7201
0.514	7396	8382
0.5123	7770	8802
0.50595	7964	8976
0.497	5605	6287
0.4819	3137	3453
0.48575	5664	6254
0.49405	6223	6931
0.4788	3148	3474
0.51525	7586	8644
0.48865	5958	6637
0.486	5209	5751
0.5044	6892	7767
0.50425	2830	3164
0.48965	4349	4890
0.49575	2753	3058
0.49485	6629	7399
0.5059	6026	6766
0.47855	4051	4443
0.4753	1930	2130
0.496	4987	5569
0.48775	3041	3381
0.5026	4982	5615
0.494	5638	6291
0.48105	2464	2725
0.4923	5727	6390
0.48965	4776	5284
0.49805	6079	6805
0.48525	5569	6177
0.4857	4510	5005
0.4987	4271	4771
0.471	3082	3419
0.48825	5514	6119
0.50915	6897	7814
0.50025	6553	7324
0.4942	4181	4684
0.49295	6705	7475
0.4962	6510	7271
0.4878	3531	3908
0.4909	4886	5440
0.5065	7658	8610
0.50305	6565	7381
0.50725	7313	8271
0.49795	7120	7982
0.4961	6317	7096
0.50625	7117	8059
0.4981	5972	6682
0.49225	5148	5725
0.48735	3871	4294
0.49695	5671	6322
0.4883	5557	6166
0.48985	6166	6837
0.47725	3997	4385
0.4914	3104	3469
0.501	6495	7360
0.50575	6419	7211
0.50145	6639	7416
0.4899	5736	6366
0.50545	7100	7978
0.4907	4886	5463
0.4904	6513	7251
0.49635	6603	7355
0.48805	6433	7131
0.4974	6475	7215
0.50035	6793	7626
0.48405	5074	5634
0.4663	1676	1849
0.50045	6469	7273
0.4743	4019	4447
0.49265	4699	5245
0.5	5539	6211
0.50385	6511	7334
0.4711	4519	4976
0.4919	3147	3518
0.4963	4190	4658
0.494	5184	5813
0.49165	5843	6544
0.4754	4490	4928
0.4978	4611	5130
0.4941	4387	4893
0.49355	5530	6176
0.49885	7229	8106
0.50835	6559	7389
0.503	7429	8327
0.4879	5890	6525
0.49595	3936	4411
0.50025	7287	8178
0.50355	7334	8243
0.49105	5174	5758
0.50235	7337	8258
0.5122	7598	8618
0.5052	6098	6876
0.4936	6293	7016
0.5063	5712	6441
0.49655	6662	7440
0.49845	5998	6758
0.48775	4855	5345
0.4991	7325	8182
0.4882	5194	5772
0.4928	3924	4349
0.4797	3819	4246
0.5006	6220	6993
0.4937	5661	6281
0.4867	3785	4180
0.4885	4126	4602
0.47225	1885	2056
0.4774	4317	4780
0.4911	6835	7609
0.5028	7056	7936
0.49725	4910	5513
0.49615	6245	6939
0.4872	4748	5299
0.4995	6717	7557
0.48695	3082	3461
0.4976	4854	5434
0.4969	6119	6831
0.49675	5411	6041
0.4942	6021	6736
0.50185	6246	7009
0.5065	6610	7469
0.509	7210	8152
0.49645	6293	7041
0.5077	7137	8031
0.4989	6567	7344
0.49535	6980	7746
0.49915	5927	6642
0.4961	7119	7930
0.47415	2681	2954
0.49605	6310	7065
0.5158	7911	8993
0.48065	4392	4833
0.4894	4721	5269
0.49695	4781	5348
0.5012	7547	8430
0.492	6313	7032
0.50525	5937	6680
0.4938	6920	7671
0.50015	6975	7820
0.505	7108	8026
0.5109	7560	8563
0.49495	6129	6825
0.4858	6120	6767
0.4972	5779	6454
0.48655	3330	3700
0.4955	5827	6509
0.4874	5843	6524
0.47445	3539	3892
0.50705	5987	6721
0.5002	6973	7820
0.49415	5314	5939
0.49345	3898	4342
0.4927	4587	5112
0.4879	3781	4209
0.49225	4539	5061
0.50315	5860	6559
0.47765	4321	4770
0.49895	4932	5524
0.51125	7482	8433
0.51385	6852	7777
0.49875	7045	7940
0.5064	7012	7910
0.4998	6557	7330
0.4958	6965	7774
0.49645	6862	7664
0.50075	7033	7876
0.48575	3526	3933
0.5045	7255	8212
0.4995	6237	6994
0.49095	6093	6812
0.49935	6672	7439
0.49605	5179	5733
0.50225	4781	5344
0.4967	6525	7278
0.50805	6026	6801
0.478	2680	2976
0.49825	5615	6289
0.49045	5693	6360
0.49745	7236	8094
0.4865	5599	6211
0.5072	6793	7670
0.4942	4515	5043
0.50285	6656	7455
0.4869	4929	5490
0.4955	6382	7106
0.48885	3310	3686
0.4812	3581	3951
0.48705	2755	3049
0.4907	6353	7052
0.50065	7134	8017
0.48595	4311	4807
0.48915	3429	3827
0.48495	5316	5869
0.5012	6072	6832
0.4951	5884	6585
0.51875	7962	9085
0.4907	5432	5997
0.4928	5950	6649
0.4975	6719	7549
0.4969	6199	6917
0.49525	6611	7386
0.4907	5756	6402
0.512	7554	8573
0.50505	7355	8279
0.4947	6013	6689
0.48255	4238	4676
0.49745	6113	6833
0.48715	3280	3613
0.49995	6396	7171
0.48785	5601	6273
0.4804	3595	3948
0.50465	6767	7596
0.46975	4227	4663
0.49725	5083	5692
0.4895	6571	7303
0.50325	3341	3768
0.50555	6342	7114
0.5052	7521	8441
0.4982	5556	6219
0.4842	5141	5683
0.5025	6819	7672
0.4823	2905	3212
0.50455	7720	8620
0.5095	7399	8327
0.498	6899	7701
0.49495	6563	7275
0.49715	7519	8434
0.4891	5337	5914
0.48395	5021	5538
0.47235	4500	4936
0.5049	7046	7884
0.47645	2991	3274
0.50545	7582	8510
0.49415	3744	4198
0.5034	6958	7863
0.48145	3068	3383
0.4995	4451	5033
0.488	3520	3911
0.48325	4790	5319
0.50385	5335	6002
0.49055	5045	5606
0.4935	5456	6094
0.5007	6836	7713
0.49835	7153	7961
0.4918	5517	6121
0.4864	5027	5567
0.4992	5016	5640
0.49305	3723	4148
0.49635	6510	7260
0.49725	5450	6094
0.51005	7483	8445
0.49495	5288	5917
0.51425	7600	8598
0.51215	6573	7496
0.5047	6119	6880
0.5052	7071	7985
0.4762	4358	4817
0.49685	6342	7061
0.4979	5255	5856
0.5067	7368	8308
0.4871	4150	4642
0.493	5224	5822
0.5027	5493	6178
0.5013	6457	7238
0.4998	6534	7405
0.4866	5203	5764
0.4979	6557	7342
0.4969	6200	6960
0.4839	2574	2868
0.47855	4562	5026
0.50095	6976	7818
0.5011	5892	6647
0.48035	3454	3813
0.49055	5007	5561
0.481	5707	6290
0.49915	3850	4324
0.4989	4906	5492
0.4941	5034	5634
0.47505	4734	5241
0.50745	6894	7797
0.4913	4217	4685
0.50285	6345	7118
0.49435	5657	6297
0.497	6596	7407
0.508	7306	8216
0.4944	6996	7833
0.50115	6492	7241
0.50235	7308	8225
0.46305	4296	4704
0.49505	5974	6646
0.49985	7072	7928
0.48355	4140	4615
0.51635	7151	8174
0.49285	5711	6336
0.5098	6302	7124
0.50255	7146	8044
0.5031	5533	6181
0.4964	4650	5239
0.4868	4901	5424
0.51065	7720	8732
0.5047	7221	8128
0.5019	7237	8111
0.4997	7291	8208
0.4835	5437	6003
0.48825	6230	6940
0.4913	3569	3982
0.4953	5525	6173
0.49695	5561	6203
0.48565	3764	4165
0.4879	2918	3255
0.4916	4868	5419
0.5047	6351	7140
0.4997	6576	7359
0.49265	4309	4796
0.50505	7023	7869
0.49835	6453	7242
0.50355	5616	6282
0.4685	3283	3615
0.5004	6673	7493
0.4972	4067	4553
0.4904	4468	4976
0.48695	5841	6485
0.4861	3102	3432
0.48905	4726	5277
0.5029	7157	8057
0.4913	3230	3606
0.50685	5282	5956
0.49925	6330	7126
0.51085	7760	8778
0.4863	5886	6573
0.4768	3857	4273
0.4942	5545	6198
0.4912	4898	5461
0.48825	5924	6582
0.49865	6645	7455
0.5019	6211	6994
0.4937	6417	7162
0.50925	7708	8657
0.5063	6209	7030
0.49595	7057	7863
0.5025	6218	6971
0.4817	3841	4242
0.49625	2467	2749
0.5041	6313	7110
0.48455	5587	6183
0.47725	1853	2026
0.4897	5553	6163
0.51185	7473	8466
0.4865	5065	5646
0.4895	5404	5991
0.4829	5764	6341
0.4776	3826	4195
0.4854	2679	2989
0.4856	5468	6023
0.49495	4817	5368
0.5055	7145	8037
0.49385	3895	4361
0.5079	7175	8097
0.4999	5279	5937
0.4917	6469	7215
0.50085	6435	7170
0.48265	2544	2827
0.49605	6917	7732
0.50085	5493	6193
0.5043	4645	5235
0.49225	5410	6044
0.49215	4816	5395
0.50065	7093	7953
0.48775	5382	5983
0.46205	2536	2789
0.48645	6011	6697
0.4952	4653	5226
0.47685	5036	5566
0.48955	6784	7549
0.5058	6825	7685
0.48915	5890	6490
0.50045	6511	7360
0.48225	4156	4594
0.4849	4899	5457
0.4849	5701	6325
0.5084	7118	8001
0.5068	6456	7228
0.51065	7536	8538
0.5047	7077	7966
0.5005	6561	7336
0.49665	5282	5879
0.4911	3928	4348
0.49965	5695	6430
0.48795	5525	6104
0.4946	5806	6516
0.4878	4371	4847
0.48845	5385	5963
0.48575	6044	6735
0.48955	4200	4693
0.49235	6268	6981
0.49265	4859	5392
0.50225	6761	7586
0.49875	5105	5685
0.5075	7794	8770
0.49465	4835	5425
0.49715	6916	7713
0.50535	5975	6746
0.46105	2948	3219
0.5133	7055	7998
0.488	5180	5748
0.49525	6793	7582
0.49435	6076	6788
0.48475	3134	3504
0.5041	7091	7974
0.5001	7039	7876
0.49895	6145	6876
0.5048	5907	6645
0.49615	5826	6495
0.49225	6114	6806
0.49845	6334	7070
0.46975	3322	3663
0.4834	4878	5386
0.4933	6082	6762
0.4935	5990	6654
0.4973	7027	7842
0.49265	5166	5765
0.5006	3964	4419
0.49655	5526	6213
0.51435	7892	8922
0.5061	5062	5758
0.4916	5252	5839
0.49135	6482	7204
0.4905	6999	7741
0.4829	3445	3814
0.4865	4419	4898
0.4765	3590	3947
0.49735	3211	3581
0.5056	5805	6555
0.5053	7691	8648
0.486	4325	4840
0.492	6079	6797
0.47915	5404	5963
0.4886	3450	3861
0.49165	1894	2127
0.50015	6569	7349
0.5057	5189	5816
0.5007	6169	6899
0.5011	6487	7282
0.5147	7224	8173
0.4988	7083	7961
0.49685	7098	7962
0.4887	7203	8000
0.4861	3416	3787
0.48725	5880	6528
0.4795	4398	4861
0.49255	4519	5052
0.50595	7758	8753
0.5002	7151	8003
0.50765	6603	7437
0.4888	4608	5133
0.4861	4710	5217
0.4781	3649	4028
0.4846	3737	4170
0.47545	2328	2579
0.4897	6440	7134
0.50065	5837	6572
0.49225	5312	5900
0.50615	7414	8390
0.50035	4058	4565
0.49365	3986	4422
0.4771	4567	5027
0.50175	7408	8268
0.50835	6377	7197
0.50845	7376	8310
0.48635	4770	5328
0.4995	6492	7253
0.48585	2578	2859
0.5039	7258	8139
0.50255	7326	8214
0.50205	7533	8410
0.48575	4827	5314
0.5053	7071	7952
0.4856	5429	6019
0.5112	6964	7891
0.4843	5015	5552
0.4978	5779	6502
0.4851	5000	5548
0.50445	5583	6292
0.4965	6091	6812
0.50685	7004	7896
0.505	6689	7525
0.48985	4408	4913
0.5055	6886	7765
0.5124	7441	8419
0.49255	5014	5593
0.49615	7069	7894
0.49935	7310	8173
0.5083	6877	7752
0.48235	4570	5020
0.51155	7493	8468
0.5039	6213	6965
0.5116	4283	4827
0.4909	4853	5426
0.4887	5307	5905
0.52005	6099	6983
0.5085	7361	8311
0.47885	4115	4539
0.4997	5519	6177
0.486	4247	4721
0.49705	6419	7160
0.48985	5306	5906
0.49615	7176	7979
0.48535	5120	5655
0.4823	3153	3517
0.48745	4825	5316
0.4774	4525	4988
0.483	4837	5320
0.50675	7634	8564
0.50835	7594	8590
0.50025	6990	7818
0.49565	5561	6222
0.48325	5234	5805
0.4918	4048	4508
0.50005	6484	7279
0.469	1803	1988
0.4918	4876	5419
0.4942	5730	6384
0.4889	5369	6007
0.4933	3549	4003
0.5074	5408	6094
0.4859	3570	3960
0.495	5740	6421
0.5001	5808	6534
0.4828	4734	5262
0.48895	5275	5865
0.494	5333	5937
0.4853	2994	3326
0.4994	2149	2401
0.4887	6087	6811
0.5013	4721	5324
0.49015	5117	5695
0.495	6556	7317
0.4972	5860	6550
0.4744	3750	4126
0.4987	5853	6551
0.51735	7080	8067
0.49255	6285	6992
0.49465	6148	6847
0.4862	5972	6645
0.4889	3761	4193
0.50325	6183	6937
0.49625	4584	5113
0.4923	6159	6865
0.5016	6256	7019
0.4945	5922	6591
0.50755	7055	7958
0.5047	6671	7513
0.49605	6249	7008
0.50165	6871	7711
0.50085	4342	4898
0.4857	6160	6847
0.488	2641	2924
0.49325	6348	7073
0.49145	6385	7114
0.5079	4963	5603
0.5051	6810	7650
0.49785	6362	7137
0.5129	6568	7450
0.4892	6573	7312
0.5004	6390	7209
0.5049	7299	8235
0.4966	5385	6027
0.48995	4196	4682
0.50945	7858	8886
0.48395	3018	3371
0.4936	5989	6674
0.5036	6967	7824
0.48575	4127	4562
0.48635	4663	5139
0.5123	7561	8542
0.5029	5925	6709
0.507	6951	7822
0.49965	4434	4962
0.5036	6783	7643
0.4899	4258	4739
0.50595	7387	8301
0.49715	6463	7249
0.5145	7650	8688
0.50515	5512	6195
0.4862	3106	3417
0.49105	4323	4816
0.48795	3341	3704
0.4979	6378	7149
0.49055	6661	7394
0.48595	5901	6524
0.49895	6139	6881
0.4849	2958	3271
0.4614	2584	2814
0.5013	5502	6178
0.48985	3843	4302
0.50515	6681	7518
0.46955	1826	2001
0.4904	6250	6976
0.5022	6263	7003
0.4888	6090	6807
0.4964	5582	6249
0.47305	1828	2015
0.4871	5606	6236
0.5109	7224	8186
0.4856	5782	6432
0.4935	3016	3358
0.50635	7234	8167
0.50475	6742	7596
0.4779	3658	4048
0.49605	7144	7963
0.49865	6946	7785
0.4972	6598	7339
0.4802	3918	4348
0.48745	5261	5858
0.50235	6660	7476
0.4874	4438	4926
0.50665	6394	7248
0.4853	4875	5344
0.50865	7303	8211
0.4921	5549	6208
0.4922	7008	7798
0.47975	3317	3669
0.4822	2798	3081
0.49625	6388	7136
0.48875	3565	3968
0.48055	3534	3921
0.49935	6875	7723
0.49955	7088	7979
0.49525	6157	6851
0.50075	6365	7128
0.49815	7145	7998
0.479	3124	3469
0.4961	6279	6988
0.49485	6781	7533
0.4971	5285	5954
0.48775	6124	6815
0.50475	5893	6600
0.49485	5987	6679
0.4972	5045	5663
0.4964	6316	7022
0.4874	2372	2669
0.51815	8321	9430
0.49	6461	7169
0.5028	5714	6399
0.49315	4636	5181
0.5046	6979	7841
0.48925	5217	5806
0.49565	3152	3493
0.4964	5222	5879
0.50005	7573	8452
0.49755	7048	7871
0.4766	5268	5797
0.51765	7405	8399
0.4821	4181	4609
0.50195	7381	8295
0.48755	5271	5839
0.49575	5569	6195
0.4763	4135	4527
0.4777	3680	4053
0.5078	6010	6782
0.49965	7227	8134
0.4922	6328	7008
0.4877	5015	5582
0.5146	7518	8528
0.4989	6889	7714
0.49845	3803	4314
0.50005	6922	7760
0.4679	2018	2226
0.4954	6668	7447
0.4877	4613	5154
0.4835	4176	4613
0.50215	7603	8453
0.48255	4897	5432
0.49215	6175	6884
0.49615	6510	7279
0.4959	4703	5252
0.49215	6203	6935
0.4977	6279	7041
0.48725	6095	6759
0.49145	4304	4771
0.49675	7011	7824
0.495	4845	5412
0.49335	5755	6433
0.5002	5255	5886
0.5165	7672	8726
0.49855	3534	3927
0.50385	5925	6687
0.48045	3722	4108
0.4895	4173	4640
0.49205	6020	6689
0.49955	6093	6807
0.5138	7388	8342
0.48385	5190	5725
0.48745	3648	4008
0.4932	5310	5937
0.48985	6698	7446
0.48125	2997	3314
0.48075	4531	5018
0.4896	6270	6998
0.51085	7360	8305
0.48195	5351	5916
0.49625	5408	6042
0.48715	6301	6997
0.48495	4645	5179
0.49595	5218	5821
0.4994	3377	3813
0.4993	5971	6703
0.5058	6812	7711
0.48095	5493	6069
0.49485	6015	6726
0.49455	3589	4024
0.4959	4476	5024
0.50155	6839	7655
0.4998	6029	6715
0.4863	4013	4428
0.4952	4736	5322
0.5059	7420	8332
0.5005	6798	7576
0.48825	5786	6435
0.4919	5849	6520
0.50105	4773	5374
0.48765	5773	6469
0.4938	4989	5529
0.50965	7049	7951
0.48545	3437	3804
0.4944	5255	5875
0.50115	5921	6618
0.4931	6042	6709
0.49795	5949	6659
0.48255	3315	3720
0.51075	7314	8278
0.5017	4582	5157
0.50785	4757	5370
0.4831	1952	2123
0.4975	7300	8137
0.4777	3966	4381
0.5023	6691	7531
0.49095	3650	4081
0.50185	5607	6288
0.4909	6715	7437
0.4923	6456	7223
0.5001	5391	6044
0.4844	5036	5610
0.48565	4155	4594
0.4942	5427	6056
0.4899	3857	4290
0.48185	2255	2524
0.4966	5977	6696
0.5048	7482	8430
0.48545	4964	5517
0.49155	4559	5090
0.49455	4682	5189
0.49935	4073	4564
0.4986	6950	7791
0.5001	6247	6996
0.5015	6738	7513
0.495	2480	2770
0.48135	3596	3992
0.49355	6646	7365
0.49315	5999	6678
0.48835	5184	5760
0.4966	6551	7335
0.4949	5027	5619
0.50605	5749	6475
0.4999	5358	6006
0.5116	7073	7994
0.4995	7558	8409
0.47585	4664	5153
0.49115	3989	4449
0.48125	4951	5487
0.5073	7360	8288
0.49595	7101	7924
0.4892	4182	4662
0.4945	5733	6432
0.4898	5360	5955
0.50415	5418	6111
0.5098	7132	8060
0.49505	5469	6110
0.5011	4626	5216
0.48545	3515	3887
0.4899	3789	4205
0.5041	7202	8092
0.49715	6005	6703
0.4967	7100	7915
0.5101	6923	7800
0.4926	5581	6223
0.49805	4696	5265
0.4938	5410	6054
0.48315	2293	2541
0.50235	6330	7097
0.48915	4434	4966
0.49485	5549	6174
0.50515	6350	7158
0.5059	5899	6635
0.50465	6892	7756
0.49625	5464	6143
0.48935	4880	5439
0.50975	5646	6385
0.5022	6638	7454
0.50285	6825	7702
0.4969	7321	8203
0.50155	6930	7760
0.4953	6693	7420
0.4911	5987	6638
0.49165	6302	7005
0.4875	5630	6248
0.49985	7344	8225
0.496	6400	7123
0.4876	6075	6753
0.5137	7577	8621
0.49485	6095	6756
0.49465	5134	5705
0.51535	7293	8283
0.4687	3020	3320
0.49035	2379	2648
0.50515	6228	7048
0.49415	6584	7348
0.50735	7374	8321
0.4914	4767	5292
0.4971	6240	6953
0.49125	5178	5795
0.4946	4612	5163
0.50345	7376	8276
0.50725	7150	8042
0.48925	3420	3823
0.499	5445	6130
0.4846	6330	7010
0.49465	5049	5658
0.4759	2742	3010
0.49445	5401	6021
0.5119	6773	7681
0.4995	6492	7269
0.49545	4961	5522
0.50265	4009	4532
0.5008	5714	6389
0.5009	7112	7976
0.48925	4508	5037
0.4822	5600	6170
0.49565	5659	6308
0.49555	5337	5966
0.5082	7302	8292
0.5018	6385	7138
0.50155	6131	6870
0.5003	6730	7571
0.5074	7427	8375
0.4999	5739	6433
0.49655	6377	7137
0.4971	5639	6309
0.4797	4707	5207
0.49045	6021	6678
0.49265	5058	5609
0.4966	4066	4549
0.49805	6891	7704
0.488	5209	5784
0.4872	5254	5880
0.5026	7570	8513
0.49065	6335	7058
0.48795	6344	7008
0.4926	3799	4207
0.5052	6158	6927
0.4909	4355	4851
0.4816	2005	2215
0.48515	5641	6239
0.50625	7384	8307
0.49995	6966	7827
0.4921	4642	5167
0.47915	5142	5677
0.48445	5747	6389
0.49665	6131	6868
0.48915	4735	5300
0.48015	4444	4921
0.48945	5249	5833
0.4835	4764	5289
0.49045	6895	7644
0.4977	6767	7583
0.488	5413	6011
0.49115	7201	7996
0.4913	4898	5433
0.50995	7565	8598
0.4874	5888	6515
0.4999	4540	5077
0.51505	6639	7549
0.5097	7629	8597
0.48505	5047	5588
0.5156	7130	8126
0.5062	5874	6621
0.50785	7414	8345
0.4675	2946	3231
0.48925	6460	7135
0.5	6850	7673
0.4965	4716	5293
0.50025	6504	7307
0.5107	8034	9055
0.4902	5192	5790
0.4897	5491	6118
0.47925	5272	5825
0.4866	6207	6899
0.4978	6871	7684
0.49055	5067	5655
0.48565	5137	5693
0.4965	5184	5814
0.4936	6237	6949
0.49815	6948	7716
0.49115	5221	5821
0.50665	7254	8145
0.4989	6053	6794
0.50875	7684	8665
0.50285	6342	7133
0.466	3852	4193
0.4868	5746	6368
0.49675	6581	7308
0.475	3633	4045
0.50255	7586	8474
0.50695	6775	7652
0.49745	6895	7678
0.48605	4876	5417
0.50385	7222	8163
0.51105	7490	8490
0.4815	5302	5879
0.4951	4753	5299
0.49015	5873	6501
0.4804	2685	2946
0.49395	5725	6376
0.5147	7755	8759
0.47805	4085	4560
0.4942	4706	5268
0.49345	6634	7368
0.4992	7056	7918
0.50245	6141	6898
0.48975	6771	7531
0.49085	3086	3412
0.4963	4517	5032
0.50175	6698	7492
0.49825	5539	6152
0.49405	6792	7529
0.4802	2357	2597
0.48905	4218	4710
0.4878	5620	6224
0.49175	6438	7160
0.48735	4862	5422
0.49075	3794	4187
0.50545	5993	6782
0.50245	7329	8188
0.49855	5984	6705
0.4966	7106	7920
0.4821	4357	4769
0.4895	6130	6845
0.50065	6835	7688
0.5055	7233	8191
0.50485	7382	8238
0.50465	5684	6375
0.5016	6986	7833
0.4861	5694	6328
0.50085	6446	7216
0.4894	5298	5882
0.4887	4787	5305
0.4983	6601	7395
0.5042	7564	8526
0.49055	5348	5937
0.4853	4262	4733
0.5004	7165	8026
0.49075	4709	5210
0.50385	4750	5359
0.4702	2508	2754
0.49175	5970	6649
0.49005	6003	6694
0.4739	2614	2879
0.483	4384	4861
0.4979	5596	6275
0.4671	4391	4815
0.4796	4059	4498
0.47785	3063	3381
0.5019	6523	7309
0.50545	6081	6838
0.49245	5167	5759
0.4942	6087	6777
0.4865	3484	3837
0.49205	6511	7255
0.4976	5481	6111
0.4867	6518	7202
0.50105	5048	5682
0.49675	6231	6964
0.51285	7488	8495
0.4857	3505	3876
0.5093	6572	7420
0.4907	6067	6731
0.495	6102	6788
0.5017	6586	7391
0.5026	6037	6767
0.4946	4407	4907
0.491	5953	6597
0.50665	7409	8318
0.4996	7006	7884
0.4902	4507	5006
0.50055	6983	7808
0.4879	2901	3229
0.5036	6651	7500
0.4894	5162	5715
0.4982	6581	7371
0.503	7450	8372
0.5073	7417	8377
0.47585	3837	4228
0.49565	5938	6668
0.49245	6739	7518
0.49505	7175	8005
0.4928	6839	7647
0.50075	4807	5341
0.4921	6440	7197
0.49205	6266	6971
0.50595	6812	7712
0.48835	5030	5622
0.49345	5281	5884
0.4915	3399	3805
0.50255	7005	7845
0.48445	3658	4030
0.48465	4832	5366
0.49595	3955	4418
0.501	7529	8453
0.49825	6502	7247
0.4888	2512	2811
0.50785	5067	5760
0.5007	6436	7304
0.5034	7122	7991
0.5032	6100	6828
0.49245	6398	7108
0.5081	7774	8771
0.49465	5942	6666
0.4876	4842	5409
0.48355	4884	5359
0.4822	5700	6307
0.49165	5600	6255
0.495	6299	7028
0.4999	5300	5995
0.50255	4739	5315
0.48955	5162	5742
0.50035	6489	7281
0.4887	3351	3727
0.50095	6696	7514
0.49505	3716	4166
0.49265	4897	5493
0.49715	6574	7356
0.4948	5428	6048
0.4959	7075	7922
0.4962	4469	5013
0.478	4467	4890
0.49935	5478	6166
0.49805	4741	5296
0.4932	2569	2863
0.4949	5689	6356
0.4851	4991	5526
0.49245	5100	5732
0.4979	6362	7095
0.49025	5915	6562
0.5166	6955	7937
0.49575	3321	3704
0.48245	4015	4458
0.49415	4475	4984
0.4801	4949	5477
0.50125	7108	8005
0.49415	6910	7678
0.4983	5912	6638
0.4928	5530	6151
0.50865	7557	8509
0.4876	4109	4561
0.4951	6814	7621
0.48635	3273	3647
0.5045	6529	7372
0.4876	4451	4984
0.4541	2115	2280
0.5022	5136	5805
0.4889	4904	5413
0.4849	3246	3621
0.48285	4212	4653
0.4846	3693	4099
0.48705	6341	7040
0.50255	7193	8061
0.49945	5437	6102
0.4831	4277	4775
0.49725	3782	4239
0.4925	3707	4114
0.5133	7869	8899
0.501	7325	8189
0.48325	5494	6083
0.4819	5270	5865
0.49345	5453	6107
0.50115	6444	7231
0.5062	6613	7418
0.5071	3092	3473
0.50385	6179	6951
0.5064	6677	7507
0.49	6312	7014
0.50145	5322	5992
0.49735	6819	7661
0.4943	6675	7446
0.49745	6899	7729
0.5073	7692	8645
0.4981	3653	4071
0.49055	5336	5939
0.4917	5255	5844
0.4789	3435	3787
0.48785	5671	6318
0.4976	7102	7913
0.5029	4713	5266
0.49905	5899	6633
0.4878	5234	5826
0.4928	5134	5723
0.4926	5378	6020
0.4892	5328	5931
0.49705	5456	6113
0.4925	6144	6864
0.49375	4122	4594
0.50625	6533	7377
0.4837	5375	5979
0.49845	6169	6875
0.49245	3778	4203
0.49365	6155	6824
0.4895	3063	3403
0.4865	5611	6255
0.4813	5840	6459
0.48855	2741	3048
0.4794	4073	4499
0.5009	5852	6539
0.49625	6795	7603
0.49385	6242	6985
0.50615	7256	8151
0.49775	5246	5884
0.48855	5143	5745
0.4717	4120	4547
0.49525	4439	4928
0.49755	6929	7695
0.4833	2401	2673
0.49305	5444	6096
0.48175	4384	4864
0.50095	6318	7081
0.4814	5374	5946
0.48785	5050	5620
0.48775	5637	6255
0.49375	3981	4440
0.5135	3943	4501
0.49825	6446	7235
0.4898	4203	4676
0.4959	6019	6737
0.4854	3807	4229
0.5041	5305	5930
0.48195	4482	4959
0.4991	7125	7973
0.49415	5961	6687
0.4967	6955	7758
0.49125	6399	7136
0.49185	3816	4240
0.50535	7561	8514
0.5054	6239	7014
0.5077	6878	7727
0.48165	3643	4017
0.4972	6489	7269
0.4882	5461	6048
0.51325	7702	8754
0.49985	6064	6828
0.50145	5940	6629
0.4911	5784	6459
0.4898	4444	4956
0.50385	6984	7807
0.5068	7581	8480
0.47745	2737	2999
0.4946	4807	5331
0.47955	4285	4730
0.50155	6672	7494
0.49315	6709	7434
0.5008	7366	8228
0.49765	5690	6342
0.4977	6286	7013
0.50985	5322	6003
0.4804	5885	6548
0.49275	5643	6294
0.49975	6827	7649
0.50085	4834	5420
0.4833	5794	6398
0.5004	6177	6932
0.5025	5697	6426
0.50305	6114	6854
0.49255	4778	5307
0.4979	3690	4150
0.47545	4260	4696
0.49345	3948	4396
0.50995	7149	8051
0.47655	5019	5536
0.4908	3484	3881
0.50915	7419	8372
0.48995	4842	5393
0.4867	4949	5512
0.50185	7047	7906
0.48685	5499	6087
0.51795	7910	9004
0.49425	6705	7507
0.49645	5584	6232
0.5013	5349	6023
0.50865	7104	8050
0.47645	3108	3442
0.5143	7428	8427
0.5021	6986	7882
0.48165	4047	4471
0.48925	5086	5684
0.4878	6104	6773
0.4979	6246	6998
0.49785	4870	5463
0.4927	5785	6443
0.47825	3318	3649
0.48815	4888	5415
0.49715	5354	6020
0.47675	2854	3135
0.4742	2604	2837
0.47895	3743	4121
0.50555	7111	8005
0.48025	4115	4519
0.497	5240	5855
0.4869	3141	3510
0.48695	5102	5687
0.49665	5732	6425
0.4943	3454	3859
0.5016	5112	5725
0.50335	7475	8375
0.4949	6394	7104
0.49565	5625	6266
0.478	3470	3810
0.48925	6379	7081
0.49945	6812	7628
0.473	1887	2068
0.4994	6965	7779
0.47355	3301	3628
0.49875	6823	7646
0.50755	7027	7924
0.4844	5989	6660
0.4837	5882	6509
0.5025	6942	7794
0.5028	6059	6837
0.4848	4949	5478
0.49335	5548	6178
0.51155	8000	9008
0.5071	5214	5930
0.49885	6352	7070
0.5015	4515	5049
0.4755	4924	5405
0.4896	4846	5399
0.49565	5848	6582
0.50155	4930	5576
0.49415	6684	7433
0.5008	6049	6818
0.5035	7136	7996
0.49785	6980	7822
0.4811	5066	5584
0.4995	5331	5982
0.5035	6508	7286
0.501	5290	5969
0.49485	5152	5777
0.4884	2527	2811
0.5047	4577	5157
0.4778	4394	4858
0.4855	4300	4783
0.4923	6972	7746
0.47065	5443	5971
0.4972	4357	4867
0.4953	6077	6788
0.4989	6471	7232
0.47505	3108	3400
0.50265	5930	6640
0.47975	3420	3776
0.48015	3196	3546
0.48385	5260	5830
0.498	5425	6050
0.49175	4201	4697
0.48385	4748	5309
0.5011	5243	5855
0.48655	5093	5676
0.48425	4419	4897
0.49225	6120	6775
0.50185	7340	8210
0.49635	5551	6151
0.49265	6380	7113
0.48795	6390	7114
0.4731	3294	3640
0.4936	5557	6218
0.49745	5075	5647
0.4916	4801	5366
0.5016	5990	6682
0.5041	7230	8187
0.49045	5554	6208
0.4854	3918	4353
0.49085	6628	7400
0.5028	3874	4343
0.4895	3055	3377
0.5005	4692	5246
0.4991	7550	8454
0.496	5965	6675
0.50755	7195	8110
0.5055	4535	5137
0.50905	6727	7630
0.49815	5361	5981
0.50775	7435	8380
0.46555	3054	3361
0.5208	7831	8964
0.48145	3962	4390
0.4848	2380	2625
0.492	5738	6387
0.481	4182	4600
0.51615	7862	8935
0.49855	5338	5983
0.4869	5245	5804
0.49065	6631	7393
0.4989	7181	8026
0.4977	5874	6600
0.4894	6341	7064
0.5051	7351	8228
0.51585	5913	6715
0.4986	6207	6975
0.5231	7049	8085
0.4953	6135	6845
0.503	7245	8118
0.49495	3056	3411
0.49765	6278	7015
0.475	3056	3391
0.4992	4520	5045
0.50115	5480	6166
0.49785	3045	3379
0.484	4046	4485
0.47705	3661	4058
0.4976	6373	7139
0.4631	2990	3278
0.49305	5790	6460
0.49445	5580	6219
0.49405	6523	7273
0.4964	6073	6774
0.48055	5919	6532
0.4853	5635	6253
0.47525	5581	6152
0.4789	2792	3084
0.4971	4899	5466
0.4887	5632	6269
0.5044	6278	7054
0.48995	4038	4495
0.49595	6096	6817
0.48445	3500	3869
0.49275	5621	6262
0.4996	5442	6087
0.5038	6984	7842
0.5008	7472	8351
0.4786	5252	5796
0.49465	6479	7226
0.48755	5390	5976
0.4886	6006	6652
0.4801	5439	6019
0.498	5626	6305
0.5016	4798	5387
0.494	5443	6064
0.5045	2892	3236
0.49185	4699	5239
0.4904	4209	4673
0.50095	6130	6867
0.49	4616	5124
0.48625	4821	5321
0.4791	5616	6172
0.50175	6233	7010
0.50585	6760	7612
0.48725	5895	6551
0.47925	3009	3323
0.4937	5939	6614
0.49975	4773	5359
0.49285	6582	7324
0.49705	6819	7617
0.4998	5620	6313
0.491	5802	6467
0.51225	6858	7738
0.47135	2232	2431
0.50755	7319	8282
0.4989	4728	5296
0.49775	5302	5899
0.4932	5283	5900
0.4964	7099	7870
0.4911	4007	4474
0.48735	3972	4420
0.501	6462	7258
0.49255	4616	5137
0.5092	6304	7143
0.4824	5159	5698
0.49575	7444	8273
0.5044	6979	7846
0.50825	6203	7008
0.48845	4279	4734
0.49205	4836	5392
0.50345	6216	6932
0.5033	6640	7457
0.48555	5818	6445
0.50785	7477	8395
0.48575	3982	4442
0.50155	4517	5079
0.51195	7194	8124
0.48675	5092	5640
0.48365	5381	5909
0.4917	5953	6604
0.4984	6813	7620
0.47955	3107	3409
0.5014	5241	5892
0.4981	5120	5682
0.4857	4689	5216
0.49885	7091	7906
0.50005	5269	5876
0.4951	5428	6081
0.47465	5390	5928
0.49125	5737	6400
0.4729	2636	2922
0.49105	5296	5918
0.4923	6460	7201
0.5102	6628	7498
0.5036	7144	8037
0.4985	6894	7713
0.5101	6856	7781
0.49845	5231	5870
0.49095	5711	6335
0.4947	4606	5155
0.48935	5386	5987
0.5176	7755	8839
0.5157	7741	8780
0.5128	7524	8540
0.49375	5070	5677
0.4926	3420	3815
0.50635	6448	7235
0.50215	7288	8153
0.49155	3379	3787
0.4899	4475	4972
0.49065	5877	6540
0.49825	4567	5159
0.5048	6337	7111
0.46425	1417	1567
0.50375	7127	7997
0.5023	5576	6275
0.4904	5302	5899
0.49235	6188	6843
0.4824	5490	6053
0.49115	6143	6837
0.47915	2860	3151
0.4806	2832	3122
0.4882	4168	4597
0.48835	4806	5352
0.4987	5336	6003
0.4937	6309	7002
0.49045	4727	5243
0.49965	6476	7274
0.4868	5816	6486
0.5009	7129	7984
0.49805	6188	6925
0.49345	5624	6236
0.49715	5822	6548
0.491	5796	6463
0.5051	6391	7197
0.49205	5642	6262
0.4899	3579	3965
0.48615	4998	5526
0.4919	5321	5984
0.48885	3929	4375
0.50375	7520	8448
0.4999	7139	7992
0.5013	6570	7381
0.5025	7198	8062
0.49905	6918	7761
0.50305	5196	5834
0.4908	4680	5199
0.5007	4561	5155
0.47275	2486	2721
0.49805	4143	4670
0.48975	4228	4704
0.48375	4263	4738
0.5069	7399	8329
0.5016	5289	5936
0.49815	6311	7052
0.4831	5732	6380
0.4827	5729	6380
0.48185	1999	2220
0.47595	3565	3923
0.4926	5965	6669
0.48075	3285	3624
0.4963	6279	7029
0.4878	5776	6430
0.5011	6388	7183
0.503	3801	4262
0.4869	3942	4394
0.49505	6788	7583
0.486	4786	5360
0.50445	6939	7809
0.5012	6912	7790
0.49495	5514	6169
0.4815	2664	2965
0.49775	6310	7066
0.505	6723	7561
0.4874	5778	6439
0.49315	4938	5510
0.5054	7198	8117
0.49445	4729	5308
0.5003	6058	6821
0.5021	6124	6870
0.494	5531	6199
0.4941	6488	7288
0.4922	6285	6998
0.51115	7368	8310
0.49175	6095	6804
0.49725	5065	5677
0.51065	7560	8520
0.49395	5396	6023
0.50285	6874	7683
0.47705	4965	5473
0.4939	2267	2537
0.50495	6217	7028
0.4975	5427	6084
0.50755	7269	8143
0.49825	4602	5123
0.48365	5219	5778
0.492	5525	6148
0.4973	5995	6732
0.5002	7281	8160
0.49675	5213	5838
0.49595	5808	6504
0.4786	2716	2990
0.4905	5966	6620
0.492	3881	4324
0.49565	6521	7291
0.48955	4445	4972
0.4963	7321	8164
0.4974	5965	6660
0.475	4613	5080
0.48475	3016	3344
0.4762	4178	4575
0.51025	6651	7531
0.4859	5784	6414
0.4919	6393	7116
0.4853	4300	4782
0.50315	3125	3500
0.5015	7241	8140
0.51425	7201	8199
0.50345	6342	7157
0.50295	6302	7097
0.4883	2460	2739
0.49185	5156	5742
0.50375	6116	6890
0.48805	6294	7007
0.51445	7330	8338
0.49025	5607	6232
0.47105	4419	4830
0.50615	6679	7568
0.47795	4920	5400
0.47165	3184	3497
0.49035	3733	4174
0.50215	7266	8150
0.48555	5349	5953
0.49165	6361	7044
0.48335	4266	4745
0.51095	7672	8655
0.4913	3074	3429
0.4937	6392	7163
0.4891	5545	6151
0.5052	7218	8093
0.4823	4879	5373
0.49365	6162	6905
0.4985	4182	4682
0.4986	6388	7181
0.4923	4726	5306
0.48835	4593	5098
0.4992	3609	4062
0.49755	6727	7494
0.51035	6893	7820
0.48405	3971	4396
0.49315	3312	3665
0.50155	7317	8201
0.50015	6974	7795
0.49625	5760	6432
0.49675	6095	6861
0.5013	6772	7571
0.48205	4082	4518
0.5015	5706	6382
0.4985	6710	7547
0.49835	6594	7397
0.49415	4458	4952
0.4829	4954	5518
0.51065	7045	7965
0.50705	7674	8619
0.49585	5935	6629
0.49575	7329	8203
0.49015	6510	7223
0.48745	6033	6664
0.49735	6383	7135
0.4855	3629	4034
0.5111	7249	8187
0.4849	3178	3493
0.49155	5066	5604
0.4993	6193	6896
0.4976	5832	6568
0.4856	5803	6447
0.50465	7424	8327
0.4836	3039	3396
0.49035	4128	4567
0.4964	3932	4401
0.4872	5215	5791
0.4818	3051	3383
0.4958	6030	6745
0.4932	5417	6040
0.4986	6848	7656
0.4899	4112	4572
0.49605	5135	5745
0.50715	5666	6432
0.4936	5025	5587
0.50745	3943	4440
0.4981	6708	7527
0.4967	6598	7382
0.47285	3310	3604
0.5065	7865	8842
0.49895	6270	7013
0.51055	6282	7129
0.46725	2166	2352
0.51465	7935	8972
0.4894	4933	5480
0.49615	4800	5350
0.50135	5791	6472
0.4785	3409	3753
0.47755	3870	4277
0.48925	2518	2801
0.4793	2556	2833
0.512	7540	8581
0.50575	7296	8226
0.49205	5642	6253
0.4922	4781	5333
0.49935	5952	6651
0.49045	6659	7406
0.50265	6568	7370
0.51175	7673	8671
0.49365	4656	5223
0.4896	3468	3843
0.50325	6519	7305
0.4963	4467	4973
0.517	7904	8987
0.50015	7264	8130
0.4931	4834	5409
0.5001	6619	7419
0.48115	4198	4636
0.50785	7621	8592
0.4927	5922	6591
0.4967	6556	7327
0.5076	7922	8916
0.51525	4810	5447
0.49585	3817	4262
0.4883	4498	4990
0.5021	6607	7402
0.498	5807	6478
0.49935	6632	7467
0.48975	3156	3523
0.49185	6249	6971
0.4843	5385	5958
0.50945	7488	8444
0.50005	6579	7387
0.4727	2954	3238
0.49925	4512	5090
0.4942	3934	4400
0.4931	5283	5885
0.4931	6114	6816
0.5034	6710	7507
0.5108	6942	7822
0.4952	6837	7584
0.4944	6439	7173
0.4813	2596	2890
0.4835	4870	5411
0.4872	5383	5944
0.4865	5222	5803
0.5059	7518	8463
0.49125	4563	5092
0.4976	6753	7554
0.50185	4763	5352
0.49745	6188	6917
0.48445	3338	3709
0.504	7434	8386
0.49345	5863	6545
0.48295	5220	5802
0.4778	4230	4631
0.503	6570	7417
0.4974	6198	6906
0.495	6714	7470
0.48125	5014	5535
0.49815	4811	5388
0.48205	3256	3611
0.4856	5298	5853
0.48915	3500	3889
0.51175	6754	7676
0.4849	5861	6472
0.49535	5684	6328
0.4836	5431	6048
0.50385	7326	8257
0.5076	6069	6848
0.4829	3917	4365
0.4976	5542	6221
0.5101	7298	8240
0.5024	6589	7385
0.48465	5456	6069
0.4839	5852	6479
0.4948	4437	4977
0.4881	2865	3187
0.4932	6580	7356
0.49495	6025	6758
0.49625	6267	6967
0.48405	6886	7641
0.4943	6031	6746
0.486	5024	5569
0.5048	6822	7648
0.47955	1910	2116
0.49115	3629	4032
0.4827	3295	3642
0.49685	5691	6369
0.5027	6377	7159
0.50885	7316	8244
0.48555	1230	1361
0.4838	4188	4602
0.5101	7002	7914
0.501	5207	5812
0.4951	6277	7014
0.4932	4975	5544
0.4916	3858	4309
0.49925	5744	6402
0.5056	6189	6996
0.5059	6585	7384
0.51975	7673	8735
0.50135	6513	7304
0.49415	5884	6559
0.47715	3498	3881
0.5022	2944	3301
0.50205	7115	7979
0.49325	4862	5400
0.5	6698	7499
0.50065	4096	4601
0.49075	5013	5611
0.50175	6696	7528
0.4797	4308	4778
0.4968	6838	7625
0.48115	4445	4922
0.51115	4584	5197
0.48405	5764	6352
0.4934	5996	6691
0.5042	6720	7554
0.50275	6964	7830
0.4868	4677	5171
0.50525	7186	8089
0.49235	4320	4852
0.49135	6610	7359
0.48245	3543	3942
0.49155	6001	6697
0.4934	5436	6102
0.50485	6460	7240
0.4989	5278	5943
0.4847	4153	4600
0.4763	4846	5368
0.4858	3327	3740
0.5023	6824	7639
0.4858	4677	5187
0.49055	5882	6542
0.4878	2764	3094
0.51475	7652	8687
0.5023	6184	6936
0.50025	4560	5132
0.494	6685	7403
0.49945	4381	4908
0.4886	4654	5178
0.49695	5812	6495
0.4873	5304	5885
0.51935	7091	8137
0.48105	3982	4385
0.48655	5778	6399
0.50045	7004	7827
0.4864	5862	6506
0.48775	5855	6515
0.48845	3949	4390
0.4825	4425	4920
0.5008	6664	7479
0.48125	4295	4778
0.47185	2454	2690
0.498	6045	6752
0.4933	5617	6296
0.49195	3489	3886
0.4876	4874	5401
0.49105	4080	4541
0.49185	5243	5849
0.50155	6742	7586
0.48515	4256	4731
0.49925	5870	6585
0.4923	7422	8267
0.4992	6760	7573
0.50795	7052	7941
0.4708	2693	2962
0.49625	6535	7290
0.4934	5258	5890
0.4878	3793	4201
0.47295	3043	3343
0.4984	6156	6896
0.4996	6320	7077
0.49755	6624	7413
0.47675	3254	3595
0.52485	7791	8939
0.48145	3498	3898
0.50585	7362	8303
0.48715	5062	5606
0.48865	6317	6984
0.50605	7606	8526
0.48135	2964	3270
0.49865	7055	7914
0.4885	3175	3541
0.49285	5927	6563
0.4967	4502	5039
0.50225	6181	7011
0.50395	6143	6876
0.5095	7036	7972
0.516	7694	8754
0.50155	4475	5030
0.50215	7206	8098
0.49645	5214	5833
0.51025	6873	7805
0.49395	3649	4087
0.507	7449	8426
0.48525	4638	5186
0.49395	6184	6923
0.4743	3091	3396
0.50425	7224	8119
0.50625	7098	7968
0.5082	7145	8080
0.4962	4788	5366
0.4937	5255	5857
0.49035	5636	6237
0.5068	6663	7546
0.49815	6898	7703
0.49855	6336	7047
0.49865	5479	6117
0.50115	7037	7904
0.49235	5848	6508
0.50035	6919	7729
0.50305	5835	6557
0.52675	8381	9606
0.4986	4459	5032
0.4951	5211	5857
0.495	5145	5777
0.4884	4997	5562
0.48075	3262	3583
0.51065	6352	7172
0.50125	2328	2629
0.48815	3668	4093
0.4982	7171	7987
0.4849	2014	2231
0.47645	4615	5089
0.5062	6798	7646
0.50245	6188	6987
0.50795	7072	8005
0.50095	7091	7978
0.4756	4943	5438
