#{"length":100,"ensemble_size":10000,"signature":"sq_lattice_bond_percolation__periodic_","cols":["S","n_S"],"random_state":1314487380,"date":"2019-06-22_120017"}
#<S>,<n_S>
#S=cluster size
#n_S=number of cluster of size S
#cluster size is measured by number of sites on a cluster in bond percolation
2	0.0165114
3	0.00626581
4	0.0036757
5	0.00222462
6	0.0015684
7	0.00111834
8	0.00085391
9	0.00067233
10	0.00054056
11	0.00044263
12	0.00037272
13	0.00031313
14	0.00027594
15	0.00023594
16	0.00020424
17	0.00018312
18	0.00016293
19	0.00014711
20	0.00013395
21	0.00011698
22	0.00010941
23	0.00010028
24	9.048e-05
25	8.397e-05
26	7.672e-05
27	7.132e-05
28	6.61e-05
29	6.259e-05
30	5.767e-05
31	5.267e-05
32	5.098e-05
33	4.73e-05
34	4.423e-05
35	4.356e-05
36	4.038e-05
37	3.639e-05
38	3.623e-05
39	3.267e-05
40	3.276e-05
41	3.047e-05
42	3.002e-05
43	2.734e-05
44	2.774e-05
45	2.518e-05
46	2.423e-05
47	2.343e-05
48	2.204e-05
49	2.254e-05
50	2.087e-05
51	1.948e-05
52	1.876e-05
53	1.807e-05
54	1.725e-05
55	1.76e-05
56	1.6e-05
57	1.608e-05
58	1.541e-05
59	1.483e-05
60	1.457e-05
61	1.447e-05
62	1.344e-05
63	1.303e-05
64	1.294e-05
65	1.237e-05
66	1.234e-05
67	1.173e-05
68	1.132e-05
69	1.1e-05
70	1.055e-05
71	1.051e-05
72	9.79e-06
73	9.96e-06
74	9.02e-06
75	8.97e-06
76	9.6e-06
77	8.93e-06
78	8.53e-06
79	8.44e-06
80	7.96e-06
81	8.53e-06
82	7.89e-06
83	7.57e-06
84	7.46e-06
85	7.03e-06
86	7.61e-06
87	6.79e-06
88	6.41e-06
89	6.37e-06
90	6.2e-06
91	6.35e-06
92	6.25e-06
93	5.84e-06
94	5.78e-06
95	5.48e-06
96	5.66e-06
97	5.99e-06
98	5.63e-06
99	5.35e-06
100	4.85e-06
101	5.25e-06
102	4.97e-06
103	4.68e-06
104	4.64e-06
105	4.83e-06
106	4.92e-06
107	4.2e-06
108	4.27e-06
109	4.1e-06
110	4.41e-06
111	3.92e-06
112	3.9e-06
113	3.83e-06
114	3.55e-06
115	3.66e-06
116	3.7e-06
117	3.96e-06
118	3.41e-06
119	3.58e-06
120	3.8e-06
121	3.34e-06
122	3.41e-06
123	3.12e-06
124	3.56e-06
125	3.55e-06
126	3.27e-06
127	2.91e-06
128	3.14e-06
129	3.3e-06
130	2.83e-06
131	3.19e-06
132	3.05e-06
133	3.01e-06
134	2.93e-06
135	3.28e-06
136	2.92e-06
137	2.61e-06
138	2.82e-06
139	2.66e-06
140	2.51e-06
141	2.84e-06
142	2.7e-06
143	2.56e-06
144	2.71e-06
145	2.41e-06
146	2.23e-06
147	2.28e-06
148	2.38e-06
149	2.53e-06
150	2.31e-06
151	2.2e-06
152	2.13e-06
153	2.28e-06
154	2.18e-06
155	2.24e-06
156	2.3e-06
157	2.21e-06
158	2.44e-06
159	2.09e-06
160	1.92e-06
161	1.98e-06
162	2.06e-06
163	1.82e-06
164	1.84e-06
165	2.05e-06
166	1.98e-06
167	1.92e-06
168	1.78e-06
169	1.92e-06
170	1.9e-06
171	1.8e-06
172	1.61e-06
173	1.94e-06
174	1.52e-06
175	1.87e-06
176	1.56e-06
177	1.79e-06
178	1.46e-06
179	1.78e-06
180	1.69e-06
181	1.37e-06
182	1.58e-06
183	1.57e-06
184	1.45e-06
185	1.51e-06
186	1.71e-06
187	1.47e-06
188	1.53e-06
189	1.52e-06
190	1.5e-06
191	1.62e-06
192	1.23e-06
193	1.43e-06
194	1.35e-06
195	1.34e-06
196	1.42e-06
197	1.29e-06
198	1.33e-06
199	1.36e-06
200	1e-06
201	1.27e-06
202	1.13e-06
203	1.46e-06
204	1.39e-06
205	1e-06
206	1.28e-06
207	1.17e-06
208	1.28e-06
209	1.05e-06
210	1.33e-06
211	1.08e-06
212	1.19e-06
213	1.07e-06
214	1.09e-06
215	1.01e-06
216	1.08e-06
217	1.05e-06
218	1.35e-06
219	1.15e-06
220	1.23e-06
221	1.16e-06
222	1.18e-06
223	9e-07
224	8.8e-07
225	1.02e-06
226	8.8e-07
227	9.1e-07
228	1.02e-06
229	1.07e-06
230	8.1e-07
231	8.5e-07
232	8.8e-07
233	9.5e-07
234	8.2e-07
235	1.02e-06
236	9.5e-07
237	9.1e-07
238	9.5e-07
239	8.6e-07
240	8.6e-07
241	9.8e-07
242	9.1e-07
243	7.6e-07
244	8.5e-07
245	8.5e-07
246	7.6e-07
247	1.04e-06
248	7.4e-07
249	8.7e-07
250	6.6e-07
251	8e-07
252	6.9e-07
253	9.3e-07
254	7.6e-07
255	6.5e-07
256	7.5e-07
257	7.1e-07
258	8e-07
259	6.2e-07
260	7.4e-07
261	8.2e-07
262	9.4e-07
263	6.3e-07
264	8.4e-07
265	7.1e-07
266	8.1e-07
267	6.3e-07
268	6.1e-07
269	6.5e-07
270	7.3e-07
271	7.8e-07
272	7e-07
273	7.2e-07
274	8e-07
275	7.2e-07
276	8.3e-07
277	6e-07
278	7.1e-07
279	6.4e-07
280	5.9e-07
281	8.1e-07
282	6.6e-07
283	6.3e-07
284	4.7e-07
285	5.4e-07
286	6.3e-07
287	5.4e-07
288	6e-07
289	5.6e-07
290	4.4e-07
291	6.2e-07
292	5.9e-07
293	5.5e-07
294	5.6e-07
295	5.5e-07
296	6.5e-07
297	5.8e-07
298	6.5e-07
299	6.2e-07
300	5.8e-07
301	4.6e-07
302	5.5e-07
303	5.8e-07
304	4.9e-07
305	5.3e-07
306	6e-07
307	4.7e-07
308	5.6e-07
309	5.8e-07
310	5e-07
311	5.8e-07
312	5.8e-07
313	4.4e-07
314	4.4e-07
315	5.2e-07
316	5.2e-07
317	6.6e-07
318	4.3e-07
319	4.8e-07
320	5.8e-07
321	5.2e-07
322	4.9e-07
323	4.4e-07
324	6.1e-07
325	4.4e-07
326	5e-07
327	4.5e-07
328	5.1e-07
329	4.1e-07
330	5e-07
331	4.9e-07
332	6e-07
333	4.4e-07
334	5.4e-07
335	4.3e-07
336	4e-07
337	5.1e-07
338	4.2e-07
339	4.6e-07
340	4.7e-07
341	4.3e-07
342	4.9e-07
343	3.8e-07
344	4.3e-07
345	3.9e-07
346	5.1e-07
347	4.3e-07
348	3.7e-07
349	4.1e-07
350	3.9e-07
351	3.7e-07
352	3.2e-07
353	3.6e-07
354	4.3e-07
355	3.6e-07
356	4.5e-07
357	3.7e-07
358	4.3e-07
359	3e-07
360	4.8e-07
361	4.7e-07
362	3.9e-07
363	4.1e-07
364	4.4e-07
365	4.2e-07
366	4.2e-07
367	3.6e-07
368	3.9e-07
369	4e-07
370	4.7e-07
371	3e-07
372	1.8e-07
373	2.9e-07
374	3.1e-07
375	3.4e-07
376	5e-07
377	3.1e-07
378	2.9e-07
379	2.9e-07
380	4.1e-07
381	2.5e-07
382	3.6e-07
383	3.3e-07
384	3.9e-07
385	3.6e-07
386	3.2e-07
387	3.3e-07
388	2.5e-07
389	3.8e-07
390	3e-07
391	4.4e-07
392	2.8e-07
393	3.2e-07
394	3.6e-07
395	2.8e-07
396	3.3e-07
397	4.2e-07
398	2.6e-07
399	4e-07
400	3.5e-07
401	3.9e-07
402	2.8e-07
403	4e-07
404	2.8e-07
405	2.1e-07
406	3.5e-07
407	3.4e-07
408	3.6e-07
409	2.9e-07
410	2.5e-07
411	2.5e-07
412	2.2e-07
413	2.3e-07
414	3.4e-07
415	3.6e-07
416	4.1e-07
417	2.8e-07
418	3.2e-07
419	3.2e-07
420	2.2e-07
421	2.4e-07
422	2.9e-07
423	2.9e-07
424	3.3e-07
425	2.5e-07
426	2.2e-07
427	3.2e-07
428	2e-07
429	2.5e-07
430	2.4e-07
431	3.5e-07
432	2.2e-07
433	2.3e-07
434	2.5e-07
435	3.1e-07
436	2.3e-07
437	2.7e-07
438	3.4e-07
439	2.5e-07
440	1.6e-07
441	2.6e-07
442	3e-07
443	2e-07
444	2.8e-07
445	2.3e-07
446	1.4e-07
447	2.2e-07
448	1.9e-07
449	2.9e-07
450	2.9e-07
451	2.8e-07
452	2.8e-07
453	3.2e-07
454	2.2e-07
455	2.5e-07
456	2.8e-07
457	2.5e-07
458	2.5e-07
459	2.2e-07
460	3.1e-07
461	2.1e-07
462	2.3e-07
463	2.4e-07
464	3.3e-07
465	2e-07
466	2.4e-07
467	1.8e-07
468	1.6e-07
469	2.2e-07
470	2.3e-07
471	2.9e-07
472	1.9e-07
473	1.5e-07
474	1.3e-07
475	1.4e-07
476	2.3e-07
477	2.5e-07
478	2.4e-07
479	1.5e-07
480	1.9e-07
481	1.9e-07
482	1.9e-07
483	1.7e-07
484	1.6e-07
485	8e-08
486	2e-07
487	1.7e-07
488	2.4e-07
489	1.4e-07
490	2.2e-07
491	1.6e-07
492	1.8e-07
493	2.4e-07
494	1.5e-07
495	1.7e-07
496	1.6e-07
497	2.4e-07
498	2.1e-07
499	1.7e-07
500	1.3e-07
501	1.6e-07
502	2.1e-07
503	1.8e-07
504	2e-07
505	1.7e-07
506	1.9e-07
507	1.9e-07
508	2.1e-07
509	1.8e-07
510	1.9e-07
511	1.8e-07
512	2.1e-07
513	2.3e-07
514	2e-07
515	1.8e-07
516	2.3e-07
517	1.7e-07
518	2.6e-07
519	1.4e-07
520	1.2e-07
521	2.2e-07
522	1.6e-07
523	1.4e-07
524	1.6e-07
525	2.1e-07
526	1.7e-07
527	6e-08
528	1.9e-07
529	1.7e-07
530	1.8e-07
531	2.4e-07
532	1.9e-07
533	1.6e-07
534	1.5e-07
535	2e-07
536	1.6e-07
537	2.4e-07
538	1.2e-07
539	1.7e-07
540	1.7e-07
541	1.9e-07
542	1.4e-07
543	1e-07
544	1.7e-07
545	2.3e-07
546	1.8e-07
547	1.2e-07
548	1.9e-07
549	2.1e-07
550	1.6e-07
551	1.6e-07
552	1.7e-07
553	1.9e-07
554	9e-08
555	1.9e-07
556	1.9e-07
557	1.3e-07
558	1.6e-07
559	2.1e-07
560	2.3e-07
561	1.6e-07
562	1.6e-07
563	1.1e-07
564	1.6e-07
565	1.7e-07
566	1.6e-07
567	6e-08
568	1.7e-07
569	1.6e-07
570	1.4e-07
571	2e-07
572	1.7e-07
573	1.1e-07
574	1.1e-07
575	1.5e-07
576	1.4e-07
577	1.6e-07
578	1.5e-07
579	1.4e-07
580	1.2e-07
581	1.3e-07
582	2.1e-07
583	2.2e-07
584	1.2e-07
585	1.5e-07
586	1e-07
587	1.4e-07
588	1.5e-07
589	1.6e-07
590	1.6e-07
591	1e-07
592	1.5e-07
593	1.2e-07
594	1.3e-07
595	9e-08
596	1.2e-07
597	1.8e-07
598	9e-08
599	1e-07
600	1.7e-07
601	1.9e-07
602	1.6e-07
603	2e-07
604	1.6e-07
605	1.7e-07
606	1.5e-07
607	1.1e-07
608	1.1e-07
609	1.4e-07
610	1.2e-07
611	1.8e-07
612	1.7e-07
613	1.2e-07
614	1.3e-07
615	1.3e-07
616	1.8e-07
617	9e-08
618	1.2e-07
619	9e-08
620	9e-08
621	1.5e-07
622	5e-08
623	1.4e-07
624	1.4e-07
625	1.7e-07
626	1e-07
627	1.4e-07
628	1.3e-07
629	1.3e-07
630	1.4e-07
631	1.5e-07
632	1.4e-07
633	8e-08
634	1.5e-07
635	1.7e-07
636	1.3e-07
637	1.1e-07
638	8e-08
639	9e-08
640	1.8e-07
641	1.7e-07
642	1.4e-07
643	1e-07
644	9e-08
645	1.1e-07
646	1e-07
647	1.2e-07
648	1.3e-07
649	1.1e-07
650	1.2e-07
651	1.3e-07
652	1.7e-07
653	1.1e-07
654	7e-08
655	1e-07
656	1e-07
657	6e-08
658	1.1e-07
659	8e-08
660	1.2e-07
661	7e-08
662	8e-08
663	1.3e-07
664	1e-07
665	9e-08
666	1.1e-07
667	1.3e-07
668	1.1e-07
669	1e-07
670	9e-08
671	5e-08
672	7e-08
673	8e-08
674	1.3e-07
675	1.2e-07
676	1.4e-07
677	8e-08
678	1.4e-07
679	5e-08
680	8e-08
681	9e-08
682	9e-08
683	9e-08
684	1.2e-07
685	1.4e-07
686	1e-07
687	1.2e-07
688	1.3e-07
689	6e-08
690	1.4e-07
691	7e-08
692	9e-08
693	1e-07
694	7e-08
695	1e-07
696	1.2e-07
697	1.1e-07
698	1.4e-07
699	5e-08
700	1.2e-07
701	9e-08
702	9e-08
703	8e-08
704	1.1e-07
705	5e-08
706	1.5e-07
707	5e-08
708	6e-08
709	5e-08
710	9e-08
711	1.1e-07
712	1e-07
713	1.2e-07
714	1.1e-07
715	1e-07
716	9e-08
717	7e-08
718	1.3e-07
719	8e-08
720	9e-08
721	8e-08
722	5e-08
723	1.1e-07
724	8e-08
725	6e-08
726	9e-08
727	7e-08
728	5e-08
729	9e-08
730	1.2e-07
731	1.2e-07
732	8e-08
733	8e-08
734	1.1e-07
735	1.1e-07
736	9e-08
737	1.2e-07
738	8e-08
739	8e-08
740	8e-08
741	1.1e-07
742	8e-08
743	4e-08
744	1.3e-07
745	7e-08
746	7e-08
747	8e-08
748	7e-08
749	9e-08
750	9e-08
751	1.2e-07
752	8e-08
753	7e-08
754	8e-08
755	9e-08
756	1.1e-07
757	7e-08
758	5e-08
759	4e-08
760	9e-08
761	6e-08
762	1e-07
763	1.2e-07
764	4e-08
765	2e-08
766	8e-08
767	5e-08
768	5e-08
769	9e-08
770	8e-08
771	1e-07
772	8e-08
773	8e-08
774	2e-08
775	8e-08
776	6e-08
777	9e-08
778	1.2e-07
779	4e-08
780	9e-08
781	9e-08
782	8e-08
783	3e-08
784	5e-08
785	4e-08
786	2e-08
787	8e-08
788	1e-07
789	7e-08
790	7e-08
791	9e-08
792	5e-08
793	7e-08
794	5e-08
795	5e-08
796	7e-08
797	7e-08
798	7e-08
799	6e-08
800	1.4e-07
801	6e-08
802	8e-08
803	8e-08
804	7e-08
805	6e-08
806	8e-08
807	8e-08
808	7e-08
809	4e-08
810	3e-08
811	7e-08
812	1.1e-07
813	1e-07
814	1.2e-07
815	9e-08
816	7e-08
817	1e-07
818	7e-08
819	5e-08
820	1e-07
821	3e-08
822	5e-08
823	7e-08
824	8e-08
825	2e-08
826	5e-08
827	8e-08
828	3e-08
829	6e-08
830	6e-08
831	7e-08
832	5e-08
833	6e-08
834	6e-08
835	9e-08
836	6e-08
837	9e-08
838	9e-08
839	6e-08
840	2e-08
841	6e-08
842	8e-08
843	4e-08
844	5e-08
845	7e-08
846	2e-08
847	8e-08
848	3e-08
849	7e-08
850	9e-08
851	6e-08
852	6e-08
853	5e-08
854	4e-08
855	5e-08
856	7e-08
857	4e-08
858	6e-08
859	6e-08
860	5e-08
861	8e-08
862	1.1e-07
863	2e-08
864	3e-08
865	4e-08
866	7e-08
867	7e-08
868	7e-08
869	4e-08
870	6e-08
871	3e-08
872	5e-08
873	1.1e-07
874	1.1e-07
875	4e-08
876	3e-08
877	5e-08
878	1e-07
879	4e-08
880	4e-08
881	5e-08
882	1e-07
883	4e-08
884	3e-08
885	9e-08
886	4e-08
887	7e-08
888	7e-08
889	9e-08
890	6e-08
891	4e-08
892	6e-08
893	8e-08
894	4e-08
895	7e-08
896	5e-08
897	6e-08
898	3e-08
899	1e-08
900	7e-08
901	6e-08
902	7e-08
903	5e-08
904	7e-08
905	3e-08
906	4e-08
907	3e-08
908	4e-08
909	6e-08
910	4e-08
911	7e-08
912	5e-08
913	4e-08
914	6e-08
915	5e-08
916	8e-08
917	7e-08
918	6e-08
919	4e-08
920	1e-08
921	2e-08
922	3e-08
923	6e-08
924	3e-08
925	2e-08
926	6e-08
927	8e-08
928	1.1e-07
929	4e-08
930	8e-08
931	3e-08
932	5e-08
933	5e-08
934	9e-08
935	5e-08
936	8e-08
937	7e-08
938	6e-08
939	6e-08
940	6e-08
941	5e-08
942	4e-08
943	7e-08
944	7e-08
945	6e-08
946	7e-08
947	8e-08
948	3e-08
949	1e-08
950	2e-08
951	3e-08
952	2e-08
953	4e-08
954	3e-08
955	5e-08
956	6e-08
957	6e-08
958	3e-08
959	3e-08
960	7e-08
961	7e-08
962	8e-08
963	1e-08
964	4e-08
965	2e-08
966	5e-08
967	4e-08
968	3e-08
969	4e-08
970	2e-08
971	2e-08
972	2e-08
973	9e-08
974	1e-08
975	2e-08
976	6e-08
977	5e-08
978	3e-08
979	1e-08
980	5e-08
981	7e-08
982	6e-08
983	3e-08
984	2e-08
985	6e-08
986	7e-08
987	5e-08
988	7e-08
989	6e-08
990	2e-08
991	8e-08
992	7e-08
993	5e-08
994	4e-08
995	3e-08
996	8e-08
997	4e-08
998	3e-08
999	6e-08
1000	7e-08
1001	3e-08
1002	8e-08
1003	2e-08
1004	2e-08
1006	4e-08
1007	2e-08
1008	8e-08
1009	3e-08
1010	1e-08
1011	3e-08
1012	4e-08
1013	4e-08
1014	1.1e-07
1015	3e-08
1016	3e-08
1017	2e-08
1018	2e-08
1019	5e-08
1020	3e-08
1021	2e-08
1022	5e-08
1023	4e-08
1024	3e-08
1025	6e-08
1026	5e-08
1027	4e-08
1028	6e-08
1029	2e-08
1030	3e-08
1031	5e-08
1032	2e-08
1033	4e-08
1034	8e-08
1035	2e-08
1036	3e-08
1037	3e-08
1038	3e-08
1039	5e-08
1041	4e-08
1042	3e-08
1043	4e-08
1044	3e-08
1045	6e-08
1046	7e-08
1047	2e-08
1048	1e-08
1049	3e-08
1051	4e-08
1052	7e-08
1053	1e-08
1054	1e-08
1055	5e-08
1056	5e-08
1057	4e-08
1058	7e-08
1059	2e-08
1060	2e-08
1061	7e-08
1062	4e-08
1063	4e-08
1064	3e-08
1065	1e-08
1066	3e-08
1067	4e-08
1068	2e-08
1069	6e-08
1070	3e-08
1071	3e-08
1072	5e-08
1073	3e-08
1074	1e-08
1075	6e-08
1076	2e-08
1077	6e-08
1078	4e-08
1079	4e-08
1080	6e-08
1081	3e-08
1082	5e-08
1083	1e-08
1084	3e-08
1085	4e-08
1086	2e-08
1087	3e-08
1088	3e-08
1089	2e-08
1091	4e-08
1092	2e-08
1093	1e-08
1094	7e-08
1095	1e-08
1096	3e-08
1097	2e-08
1098	3e-08
1099	4e-08
1100	3e-08
1101	4e-08
1102	4e-08
1103	4e-08
1104	2e-08
1105	6e-08
1106	1e-08
1107	3e-08
1108	2e-08
1109	2e-08
1110	3e-08
1111	1e-08
1112	2e-08
1113	3e-08
1114	4e-08
1115	5e-08
1116	1e-08
1117	3e-08
1118	4e-08
1119	1e-08
1120	2e-08
1121	1e-08
1122	2e-08
1123	7e-08
1124	2e-08
1125	4e-08
1126	1e-08
1127	5e-08
1128	4e-08
1129	4e-08
1130	2e-08
1131	3e-08
1132	3e-08
1133	5e-08
1134	7e-08
1135	2e-08
1136	4e-08
1137	4e-08
1138	5e-08
1139	3e-08
1140	1e-08
1141	6e-08
1142	6e-08
1143	2e-08
1144	4e-08
1145	2e-08
1147	2e-08
1148	5e-08
1149	4e-08
1150	1e-08
1151	4e-08
1152	3e-08
1153	5e-08
1154	2e-08
1155	3e-08
1156	3e-08
1157	4e-08
1158	2e-08
1159	2e-08
1160	3e-08
1161	3e-08
1162	5e-08
1163	1e-08
1164	5e-08
1165	1e-08
1166	1e-08
1167	6e-08
1168	1e-08
1169	6e-08
1170	2e-08
1171	4e-08
1172	4e-08
1173	5e-08
1174	2e-08
1175	5e-08
1176	2e-08
1178	3e-08
1179	2e-08
1180	2e-08
1181	1e-08
1182	5e-08
1183	2e-08
1184	1e-08
1185	4e-08
1186	5e-08
1187	1e-08
1189	1e-08
1190	3e-08
1191	2e-08
1192	4e-08
1193	1e-08
1194	2e-08
1196	2e-08
1197	3e-08
1198	4e-08
1200	2e-08
1201	2e-08
1202	2e-08
1203	5e-08
1204	2e-08
1206	3e-08
1207	2e-08
1208	2e-08
1209	2e-08
1210	2e-08
1211	3e-08
1212	1e-08
1213	4e-08
1214	1e-08
1215	3e-08
1216	1e-08
1217	3e-08
1218	7e-08
1219	3e-08
1220	2e-08
1221	3e-08
1223	3e-08
1224	1e-08
1225	1e-08
1226	3e-08
1227	3e-08
1228	2e-08
1229	1e-08
1230	2e-08
1231	3e-08
1232	1e-08
1233	2e-08
1234	5e-08
1235	5e-08
1237	2e-08
1238	2e-08
1239	3e-08
1240	1e-08
1241	1e-08
1242	5e-08
1243	2e-08
1244	1e-08
1245	2e-08
1246	2e-08
1247	1e-08
1248	4e-08
1250	5e-08
1251	2e-08
1252	4e-08
1253	3e-08
1254	2e-08
1255	5e-08
1256	2e-08
1257	1e-08
1258	4e-08
1259	2e-08
1260	3e-08
1261	2e-08
1262	1e-08
1263	4e-08
1264	7e-08
1265	2e-08
1267	1e-08
1268	5e-08
1269	3e-08
1271	3e-08
1272	3e-08
1273	5e-08
1274	3e-08
1275	2e-08
1276	3e-08
1277	5e-08
1278	1e-08
1279	1e-08
1280	1e-08
1282	2e-08
1283	4e-08
1284	1e-08
1285	1e-08
1286	4e-08
1287	1e-08
1289	1e-08
1290	2e-08
1291	5e-08
1292	1e-08
1293	2e-08
1294	1e-08
1295	2e-08
1296	1e-08
1297	2e-08
1298	5e-08
1299	1e-08
1300	1e-08
1301	1e-08
1302	1e-08
1303	2e-08
1304	3e-08
1305	5e-08
1306	3e-08
1308	2e-08
1309	1e-08
1310	2e-08
1311	3e-08
1312	1e-08
1313	2e-08
1314	2e-08
1315	1e-08
1316	2e-08
1317	6e-08
1318	1e-08
1319	1e-08
1320	3e-08
1321	2e-08
1322	2e-08
1323	3e-08
1324	4e-08
1325	2e-08
1326	1e-08
1328	1e-08
1329	2e-08
1330	1e-08
1331	1e-08
1334	1e-08
1335	3e-08
1336	3e-08
1337	3e-08
1338	3e-08
1339	5e-08
1340	2e-08
1341	3e-08
1342	2e-08
1343	3e-08
1345	2e-08
1346	2e-08
1347	2e-08
1348	3e-08
1349	1e-08
1350	3e-08
1351	2e-08
1352	7e-08
1354	2e-08
1355	4e-08
1356	3e-08
1358	1e-08
1359	1e-08
1360	2e-08
1361	3e-08
1362	2e-08
1363	3e-08
1364	5e-08
1365	2e-08
1366	2e-08
1367	4e-08
1369	3e-08
1371	1e-08
1372	2e-08
1373	3e-08
1374	2e-08
1375	3e-08
1377	2e-08
1378	4e-08
1381	2e-08
1382	2e-08
1383	3e-08
1384	1e-08
1387	1e-08
1389	2e-08
1390	1e-08
1391	1e-08
1392	2e-08
1393	2e-08
1394	1e-08
1395	2e-08
1396	3e-08
1397	1e-08
1398	2e-08
1399	2e-08
1400	4e-08
1403	2e-08
1404	5e-08
1405	1e-08
1406	1e-08
1407	1e-08
1410	4e-08
1411	1e-08
1413	2e-08
1414	3e-08
1415	2e-08
1416	1e-08
1417	1e-08
1418	5e-08
1419	2e-08
1420	2e-08
1421	1e-08
1422	3e-08
1423	3e-08
1424	3e-08
1425	3e-08
1427	1e-08
1428	2e-08
1429	1e-08
1431	5e-08
1432	1e-08
1433	3e-08
1434	2e-08
1435	1e-08
1436	3e-08
1437	1e-08
1439	2e-08
1440	3e-08
1441	1e-08
1442	1e-08
1443	2e-08
1444	2e-08
1446	1e-08
1447	2e-08
1448	1e-08
1450	4e-08
1452	1e-08
1453	2e-08
1454	1e-08
1455	1e-08
1456	1e-08
1457	3e-08
1458	2e-08
1460	1e-08
1461	2e-08
1462	2e-08
1464	1e-08
1465	2e-08
1466	1e-08
1467	1e-08
1468	3e-08
1469	3e-08
1470	1e-08
1472	2e-08
1473	2e-08
1475	1e-08
1476	3e-08
1477	2e-08
1478	3e-08
1479	1e-08
1480	2e-08
1482	3e-08
1486	3e-08
1487	2e-08
1488	2e-08
1489	4e-08
1491	2e-08
1492	1e-08
1494	2e-08
1495	1e-08
1497	3e-08
1498	2e-08
1500	1e-08
1501	1e-08
1503	1e-08
1504	2e-08
1505	2e-08
1507	2e-08
1508	1e-08
1510	2e-08
1511	2e-08
1512	2e-08
1513	1e-08
1515	1e-08
1519	4e-08
1521	4e-08
1522	1e-08
1523	4e-08
1526	2e-08
1528	1e-08
1529	1e-08
1530	2e-08
1531	3e-08
1532	1e-08
1533	1e-08
1534	5e-08
1535	2e-08
1536	1e-08
1537	2e-08
1538	2e-08
1539	3e-08
1541	1e-08
1542	3e-08
1543	1e-08
1544	4e-08
1545	4e-08
1546	1e-08
1547	2e-08
1548	3e-08
1549	2e-08
1550	1e-08
1551	2e-08
1552	2e-08
1553	2e-08
1554	5e-08
1556	3e-08
1557	1e-08
1559	1e-08
1560	2e-08
1561	2e-08
1562	2e-08
1564	1e-08
1565	1e-08
1566	1e-08
1568	2e-08
1571	1e-08
1572	1e-08
1574	3e-08
1576	1e-08
1577	1e-08
1579	1e-08
1580	3e-08
1581	2e-08
1582	2e-08
1584	1e-08
1585	1e-08
1587	1e-08
1588	1e-08
1589	2e-08
1590	2e-08
1592	1e-08
1593	2e-08
1594	1e-08
1595	1e-08
1596	1e-08
1597	1e-08
1598	1e-08
1599	3e-08
1600	2e-08
1601	1e-08
1602	1e-08
1604	3e-08
1605	1e-08
1606	4e-08
1607	1e-08
1608	1e-08
1609	3e-08
1610	2e-08
1611	1e-08
1612	1e-08
1613	1e-08
1614	3e-08
1616	3e-08
1618	3e-08
1619	1e-08
1620	1e-08
1622	2e-08
1624	3e-08
1625	1e-08
1626	2e-08
1629	3e-08
1630	1e-08
1631	1e-08
1633	3e-08
1634	3e-08
1635	1e-08
1636	3e-08
1638	2e-08
1639	2e-08
1641	2e-08
1643	2e-08
1644	1e-08
1645	2e-08
1647	3e-08
1648	1e-08
1652	1e-08
1653	3e-08
1655	1e-08
1656	3e-08
1659	1e-08
1661	2e-08
1664	1e-08
1666	2e-08
1667	2e-08
1668	3e-08
1669	1e-08
1671	3e-08
1673	1e-08
1674	2e-08
1675	1e-08
1676	4e-08
1677	1e-08
1678	1e-08
1680	1e-08
1681	3e-08
1682	1e-08
1683	1e-08
1684	1e-08
1685	1e-08
1687	1e-08
1688	1e-08
1689	1e-08
1690	1e-08
1691	3e-08
1692	2e-08
1694	1e-08
1695	1e-08
1696	1e-08
1699	2e-08
1700	1e-08
1701	1e-08
1702	1e-08
1707	1e-08
1709	1e-08
1710	2e-08
1711	1e-08
1713	2e-08
1714	1e-08
1715	1e-08
1717	2e-08
1718	1e-08
1719	1e-08
1720	1e-08
1721	1e-08
1723	4e-08
1724	1e-08
1725	1e-08
1726	2e-08
1727	1e-08
1728	4e-08
1729	1e-08
1730	1e-08
1731	1e-08
1732	1e-08
1733	1e-08
1735	2e-08
1737	2e-08
1741	1e-08
1742	1e-08
1743	1e-08
1745	1e-08
1746	2e-08
1747	1e-08
1749	1e-08
1750	1e-08
1752	2e-08
1753	1e-08
1754	1e-08
1755	2e-08
1757	2e-08
1760	1e-08
1761	1e-08
1762	3e-08
1763	1e-08
1767	1e-08
1768	2e-08
1769	1e-08
1771	1e-08
1772	2e-08
1777	2e-08
1778	1e-08
1780	2e-08
1782	1e-08
1784	3e-08
1785	1e-08
1787	1e-08
1794	2e-08
1795	1e-08
1798	1e-08
1799	2e-08
1801	1e-08
1802	1e-08
1803	2e-08
1804	1e-08
1806	1e-08
1808	2e-08
1809	1e-08
1810	3e-08
1811	1e-08
1812	2e-08
1813	1e-08
1815	1e-08
1816	1e-08
1817	2e-08
1818	1e-08
1819	1e-08
1820	3e-08
1824	1e-08
1825	1e-08
1827	2e-08
1828	1e-08
1829	1e-08
1830	3e-08
1831	1e-08
1833	1e-08
1834	1e-08
1835	1e-08
1836	2e-08
1838	1e-08
1840	1e-08
1842	1e-08
1844	1e-08
1845	1e-08
1846	1e-08
1849	1e-08
1850	2e-08
1851	2e-08
1853	1e-08
1854	1e-08
1857	1e-08
1861	1e-08
1863	1e-08
1864	1e-08
1866	2e-08
1869	3e-08
1870	1e-08
1872	1e-08
1873	1e-08
1874	1e-08
1875	1e-08
1876	3e-08
1877	1e-08
1880	3e-08
1884	2e-08
1888	1e-08
1891	3e-08
1893	1e-08
1894	4e-08
1898	2e-08
1899	2e-08
1901	1e-08
1904	1e-08
1905	2e-08
1906	2e-08
1908	4e-08
1909	1e-08
1910	2e-08
1912	1e-08
1913	3e-08
1914	2e-08
1918	3e-08
1919	2e-08
1921	2e-08
1923	1e-08
1924	2e-08
1925	1e-08
1928	1e-08
1931	1e-08
1936	2e-08
1938	2e-08
1940	1e-08
1942	3e-08
1943	1e-08
1945	3e-08
1946	1e-08
1953	1e-08
1955	1e-08
1960	1e-08
1961	1e-08
1962	1e-08
1964	1e-08
1965	1e-08
1967	1e-08
1970	1e-08
1971	1e-08
1973	1e-08
1975	2e-08
1977	2e-08
1980	1e-08
1981	2e-08
1983	2e-08
1984	1e-08
1985	2e-08
1986	1e-08
1987	1e-08
1991	1e-08
1992	3e-08
1993	1e-08
1995	1e-08
1996	1e-08
1997	2e-08
1998	1e-08
1999	2e-08
2000	3e-08
2001	1e-08
2002	2e-08
2003	1e-08
2006	1e-08
2011	1e-08
2013	2e-08
2014	1e-08
2018	1e-08
2019	1e-08
2020	1e-08
2022	2e-08
2025	1e-08
2030	1e-08
2034	1e-08
2035	1e-08
2036	1e-08
2038	1e-08
2039	1e-08
2041	3e-08
2042	1e-08
2046	1e-08
2047	1e-08
2050	1e-08
2052	4e-08
2053	1e-08
2055	1e-08
2057	1e-08
2059	2e-08
2060	2e-08
2061	1e-08
2062	1e-08
2064	2e-08
2065	3e-08
2066	2e-08
2068	2e-08
2077	1e-08
2079	2e-08
2081	1e-08
2082	1e-08
2085	1e-08
2087	1e-08
2089	2e-08
2090	3e-08
2094	1e-08
2095	2e-08
2098	2e-08
2099	1e-08
2100	1e-08
2102	1e-08
2105	1e-08
2107	1e-08
2108	1e-08
2111	1e-08
2113	1e-08
2114	1e-08
2116	1e-08
2117	1e-08
2119	1e-08
2121	1e-08
2125	3e-08
2126	2e-08
2127	1e-08
2129	1e-08
2130	1e-08
2132	1e-08
2135	1e-08
2136	1e-08
2138	2e-08
2139	1e-08
2140	1e-08
2150	2e-08
2152	1e-08
2158	1e-08
2160	1e-08
2163	1e-08
2164	1e-08
2167	1e-08
2168	1e-08
2169	1e-08
2170	1e-08
2172	3e-08
2173	1e-08
2176	1e-08
2177	1e-08
2178	1e-08
2179	1e-08
2180	1e-08
2181	2e-08
2182	1e-08
2183	4e-08
2185	1e-08
2192	1e-08
2193	3e-08
2196	1e-08
2199	3e-08
2200	1e-08
2204	3e-08
2208	1e-08
2210	1e-08
2213	1e-08
2216	1e-08
2217	1e-08
2221	1e-08
2223	1e-08
2226	2e-08
2228	1e-08
2229	1e-08
2232	1e-08
2234	1e-08
2235	2e-08
2242	1e-08
2243	1e-08
2244	1e-08
2245	1e-08
2247	1e-08
2250	1e-08
2251	2e-08
2252	2e-08
2257	1e-08
2259	2e-08
2260	1e-08
2261	2e-08
2262	1e-08
2264	3e-08
2265	1e-08
2266	1e-08
2267	1e-08
2269	2e-08
2270	1e-08
2275	1e-08
2277	2e-08
2280	4e-08
2283	2e-08
2285	1e-08
2289	3e-08
2290	1e-08
2291	1e-08
2294	2e-08
2295	2e-08
2297	2e-08
2298	2e-08
2299	1e-08
2301	2e-08
2302	1e-08
2303	2e-08
2304	1e-08
2305	1e-08
2307	1e-08
2308	2e-08
2310	2e-08
2313	1e-08
2314	1e-08
2319	3e-08
2320	1e-08
2321	3e-08
2322	1e-08
2323	1e-08
2324	1e-08
2325	1e-08
2326	1e-08
2327	1e-08
2329	1e-08
2330	1e-08
2331	1e-08
2334	1e-08
2335	1e-08
2336	3e-08
2339	1e-08
2341	2e-08
2342	2e-08
2345	1e-08
2348	1e-08
2351	2e-08
2352	1e-08
2353	1e-08
2354	1e-08
2355	2e-08
2356	2e-08
2357	1e-08
2359	1e-08
2360	1e-08
2361	1e-08
2362	2e-08
2364	1e-08
2365	2e-08
2368	1e-08
2370	1e-08
2371	1e-08
2372	1e-08
2375	1e-08
2378	4e-08
2380	3e-08
2382	1e-08
2383	3e-08
2384	1e-08
2385	1e-08
2389	1e-08
2390	1e-08
2391	1e-08
2393	2e-08
2395	1e-08
2400	2e-08
2404	1e-08
2406	1e-08
2407	2e-08
2409	1e-08
2413	4e-08
2414	2e-08
2419	1e-08
2421	2e-08
2424	1e-08
2425	1e-08
2428	1e-08
2431	1e-08
2433	1e-08
2434	1e-08
2435	2e-08
2437	1e-08
2438	1e-08
2440	1e-08
2441	1e-08
2444	2e-08
2450	1e-08
2452	1e-08
2454	1e-08
2461	1e-08
2462	1e-08
2464	1e-08
2465	2e-08
2471	2e-08
2473	1e-08
2474	1e-08
2475	1e-08
2476	1e-08
2479	1e-08
2482	1e-08
2483	2e-08
2484	1e-08
2485	2e-08
2486	1e-08
2487	1e-08
2489	1e-08
2492	1e-08
2493	1e-08
2494	1e-08
2495	3e-08
2496	1e-08
2497	3e-08
2498	1e-08
2500	1e-08
2502	1e-08
2504	1e-08
2507	1e-08
2508	1e-08
2510	1e-08
2512	2e-08
2514	2e-08
2516	1e-08
2519	1e-08
2520	1e-08
2521	1e-08
2522	2e-08
2523	1e-08
2527	1e-08
2528	1e-08
2530	1e-08
2531	2e-08
2532	1e-08
2533	1e-08
2538	1e-08
2539	1e-08
2541	2e-08
2542	1e-08
2543	1e-08
2544	1e-08
2546	1e-08
2547	1e-08
2552	1e-08
2553	1e-08
2554	1e-08
2555	1e-08
2557	2e-08
2559	1e-08
2564	2e-08
2566	1e-08
2567	1e-08
2568	1e-08
2569	1e-08
2571	2e-08
2573	2e-08
2574	1e-08
2578	3e-08
2579	1e-08
2580	2e-08
2584	1e-08
2586	2e-08
2592	1e-08
2595	1e-08
2597	1e-08
2601	1e-08
2602	1e-08
2604	1e-08
2605	2e-08
2606	1e-08
2607	2e-08
2608	1e-08
2610	2e-08
2615	1e-08
2618	1e-08
2620	1e-08
2623	1e-08
2624	1e-08
2627	1e-08
2629	2e-08
2630	1e-08
2631	2e-08
2633	1e-08
2639	3e-08
2641	1e-08
2642	1e-08
2648	1e-08
2650	1e-08
2651	1e-08
2654	1e-08
2655	1e-08
2660	1e-08
2661	1e-08
2667	1e-08
2670	2e-08
2671	1e-08
2674	4e-08
2675	1e-08
2676	1e-08
2681	1e-08
2683	1e-08
2684	2e-08
2685	1e-08
2692	1e-08
2693	2e-08
2694	1e-08
2695	1e-08
2696	1e-08
2697	2e-08
2698	2e-08
2699	3e-08
2701	1e-08
2705	2e-08
2707	3e-08
2710	1e-08
2714	3e-08
2716	1e-08
2718	4e-08
2719	3e-08
2721	1e-08
2722	1e-08
2723	1e-08
2724	1e-08
2725	1e-08
2729	1e-08
2730	1e-08
2732	1e-08
2733	1e-08
2734	2e-08
2735	3e-08
2736	2e-08
2738	1e-08
2740	4e-08
2741	1e-08
2742	1e-08
2743	1e-08
2744	1e-08
2745	2e-08
2746	2e-08
2748	2e-08
2749	1e-08
2750	1e-08
2751	1e-08
2752	1e-08
2753	1e-08
2754	1e-08
2757	2e-08
2758	1e-08
2759	3e-08
2761	2e-08
2762	1e-08
2763	1e-08
2768	1e-08
2769	1e-08
2774	1e-08
2776	1e-08
2779	1e-08
2780	1e-08
2781	3e-08
2782	3e-08
2783	1e-08
2784	1e-08
2785	1e-08
2787	1e-08
2791	1e-08
2792	2e-08
2797	1e-08
2798	1e-08
2800	1e-08
2802	1e-08
2803	1e-08
2805	2e-08
2808	3e-08
2809	1e-08
2811	1e-08
2812	2e-08
2814	1e-08
2815	2e-08
2817	2e-08
2819	1e-08
2820	2e-08
2822	1e-08
2824	1e-08
2826	1e-08
2829	1e-08
2830	1e-08
2831	2e-08
2832	2e-08
2834	2e-08
2837	2e-08
2840	2e-08
2842	1e-08
2843	1e-08
2845	1e-08
2848	1e-08
2850	1e-08
2853	2e-08
2856	1e-08
2858	2e-08
2859	1e-08
2860	1e-08
2862	1e-08
2863	1e-08
2864	1e-08
2865	1e-08
2866	1e-08
2867	1e-08
2871	1e-08
2872	2e-08
2873	2e-08
2874	1e-08
2875	3e-08
2877	2e-08
2879	1e-08
2881	3e-08
2887	1e-08
2892	1e-08
2897	1e-08
2898	1e-08
2899	2e-08
2901	1e-08
2902	1e-08
2906	1e-08
2908	1e-08
2909	1e-08
2910	1e-08
2911	1e-08
2915	2e-08
2917	1e-08
2918	1e-08
2919	1e-08
2920	2e-08
2921	1e-08
2922	1e-08
2923	1e-08
2924	3e-08
2925	1e-08
2928	2e-08
2931	1e-08
2932	2e-08
2933	3e-08
2935	1e-08
2936	2e-08
2939	1e-08
2944	1e-08
2946	1e-08
2947	2e-08
2949	1e-08
2951	2e-08
2953	1e-08
2954	2e-08
2955	1e-08
2957	1e-08
2959	1e-08
2961	2e-08
2963	1e-08
2966	2e-08
2967	2e-08
2970	2e-08
2971	1e-08
2973	1e-08
2974	2e-08
2979	1e-08
2980	1e-08
2982	1e-08
2983	1e-08
2984	2e-08
2985	2e-08
2986	1e-08
2987	2e-08
2989	1e-08
2990	1e-08
2992	3e-08
2994	1e-08
2995	2e-08
2996	2e-08
2997	3e-08
2998	2e-08
3002	3e-08
3003	1e-08
3005	2e-08
3007	1e-08
3009	2e-08
3010	1e-08
3011	1e-08
3012	3e-08
3015	1e-08
3018	1e-08
3019	1e-08
3020	2e-08
3023	1e-08
3024	2e-08
3026	1e-08
3027	1e-08
3028	2e-08
3031	1e-08
3032	1e-08
3033	1e-08
3035	3e-08
3036	2e-08
3037	2e-08
3038	1e-08
3039	2e-08
3041	1e-08
3044	2e-08
3047	1e-08
3049	6e-08
3052	1e-08
3057	1e-08
3058	1e-08
3063	2e-08
3066	1e-08
3067	1e-08
3068	2e-08
3069	1e-08
3070	1e-08
3076	3e-08
3077	1e-08
3078	2e-08
3079	1e-08
3080	3e-08
3082	1e-08
3085	1e-08
3086	1e-08
3089	3e-08
3091	1e-08
3092	2e-08
3094	1e-08
3095	1e-08
3098	2e-08
3099	1e-08
3102	2e-08
3106	2e-08
3109	1e-08
3110	1e-08
3111	1e-08
3112	2e-08
3114	1e-08
3115	1e-08
3117	1e-08
3119	2e-08
3120	1e-08
3122	3e-08
3123	1e-08
3124	1e-08
3125	1e-08
3127	2e-08
3129	1e-08
3130	2e-08
3132	4e-08
3133	1e-08
3138	1e-08
3140	1e-08
3143	3e-08
3146	2e-08
3147	1e-08
3148	1e-08
3149	3e-08
3150	2e-08
3153	2e-08
3154	2e-08
3157	1e-08
3159	4e-08
3160	4e-08
3162	2e-08
3164	2e-08
3166	1e-08
3171	1e-08
3172	1e-08
3174	2e-08
3175	3e-08
3177	1e-08
3180	1e-08
3181	1e-08
3182	1e-08
3184	2e-08
3187	2e-08
3188	2e-08
3189	1e-08
3191	1e-08
3194	1e-08
3195	2e-08
3196	1e-08
3197	4e-08
3198	1e-08
3199	1e-08
3204	1e-08
3206	1e-08
3207	1e-08
3208	2e-08
3209	3e-08
3210	1e-08
3211	1e-08
3212	3e-08
3213	1e-08
3214	5e-08
3215	2e-08
3217	1e-08
3218	1e-08
3221	1e-08
3222	1e-08
3223	1e-08
3224	2e-08
3225	2e-08
3226	1e-08
3227	1e-08
3229	2e-08
3230	2e-08
3231	1e-08
3232	1e-08
3234	1e-08
3235	2e-08
3236	2e-08
3237	1e-08
3238	1e-08
3240	1e-08
3241	2e-08
3248	1e-08
3250	2e-08
3251	1e-08
3252	2e-08
3253	1e-08
3254	3e-08
3255	2e-08
3256	1e-08
3257	1e-08
3258	1e-08
3259	1e-08
3260	1e-08
3262	2e-08
3263	2e-08
3264	2e-08
3265	2e-08
3266	2e-08
3269	2e-08
3270	2e-08
3272	1e-08
3274	3e-08
3275	2e-08
3276	2e-08
3279	2e-08
3281	1e-08
3288	1e-08
3289	1e-08
3290	1e-08
3291	3e-08
3293	1e-08
3294	1e-08
3296	1e-08
3299	1e-08
3300	3e-08
3301	1e-08
3302	1e-08
3304	2e-08
3306	1e-08
3309	2e-08
3310	1e-08
3312	1e-08
3313	1e-08
3314	3e-08
3318	1e-08
3319	1e-08
3321	1e-08
3322	1e-08
3323	1e-08
3324	1e-08
3326	1e-08
3328	1e-08
3329	2e-08
3330	1e-08
3331	2e-08
3334	1e-08
3335	1e-08
3336	1e-08
3337	1e-08
3338	1e-08
3340	3e-08
3341	2e-08
3342	1e-08
3343	1e-08
3346	2e-08
3350	3e-08
3352	1e-08
3353	1e-08
3354	3e-08
3355	1e-08
3357	1e-08
3359	1e-08
3361	1e-08
3362	2e-08
3363	2e-08
3365	2e-08
3366	1e-08
3367	1e-08
3369	1e-08
3370	1e-08
3371	1e-08
3372	3e-08
3373	2e-08
3374	1e-08
3375	1e-08
3377	1e-08
3378	2e-08
3379	2e-08
3380	1e-08
3382	2e-08
3388	2e-08
3389	1e-08
3390	1e-08
3391	2e-08
3392	1e-08
3393	1e-08
3395	3e-08
3396	1e-08
3397	1e-08
3398	1e-08
3399	2e-08
3400	4e-08
3401	2e-08
3402	3e-08
3404	1e-08
3405	1e-08
3409	1e-08
3410	1e-08
3411	1e-08
3412	2e-08
3413	1e-08
3414	1e-08
3415	1e-08
3417	1e-08
3419	2e-08
3421	3e-08
3423	3e-08
3425	1e-08
3426	1e-08
3427	1e-08
3428	2e-08
3430	1e-08
3431	1e-08
3433	1e-08
3437	1e-08
3439	2e-08
3440	2e-08
3441	3e-08
3444	1e-08
3446	1e-08
3447	2e-08
3450	1e-08
3451	2e-08
3452	2e-08
3453	1e-08
3454	2e-08
3455	1e-08
3456	1e-08
3458	1e-08
3459	1e-08
3460	1e-08
3462	1e-08
3463	1e-08
3464	2e-08
3465	1e-08
3469	1e-08
3471	3e-08
3476	2e-08
3479	1e-08
3482	2e-08
3483	2e-08
3485	2e-08
3489	2e-08
3490	1e-08
3494	2e-08
3496	1e-08
3498	4e-08
3499	2e-08
3500	1e-08
3501	2e-08
3502	2e-08
3503	2e-08
3506	1e-08
3507	1e-08
3508	1e-08
3509	1e-08
3512	2e-08
3513	2e-08
3515	1e-08
3516	1e-08
3517	3e-08
3518	1e-08
3519	4e-08
3520	1e-08
3521	2e-08
3522	2e-08
3523	1e-08
3524	1e-08
3525	2e-08
3527	4e-08
3528	3e-08
3529	1e-08
3530	2e-08
3531	1e-08
3533	1e-08
3534	2e-08
3536	2e-08
3537	3e-08
3538	1e-08
3540	1e-08
3541	1e-08
3544	1e-08
3545	2e-08
3546	2e-08
3547	1e-08
3550	1e-08
3551	1e-08
3552	2e-08
3554	1e-08
3555	2e-08
3556	1e-08
3557	1e-08
3560	2e-08
3562	2e-08
3563	1e-08
3565	1e-08
3566	2e-08
3567	1e-08
3568	1e-08
3569	1e-08
3570	2e-08
3571	2e-08
3573	2e-08
3574	2e-08
3575	1e-08
3576	3e-08
3577	1e-08
3581	1e-08
3584	2e-08
3586	3e-08
3587	3e-08
3589	2e-08
3591	1e-08
3596	2e-08
3597	2e-08
3598	3e-08
3599	3e-08
3608	1e-08
3609	1e-08
3610	2e-08
3611	1e-08
3614	2e-08
3616	2e-08
3617	1e-08
3618	2e-08
3619	2e-08
3620	1e-08
3621	1e-08
3622	2e-08
3625	1e-08
3626	3e-08
3627	1e-08
3629	2e-08
3630	2e-08
3631	3e-08
3633	1e-08
3634	1e-08
3635	2e-08
3636	4e-08
3638	1e-08
3639	1e-08
3643	1e-08
3644	1e-08
3645	3e-08
3648	1e-08
3650	2e-08
3652	2e-08
3653	1e-08
3655	1e-08
3657	1e-08
3659	2e-08
3660	3e-08
3661	1e-08
3662	1e-08
3663	3e-08
3665	2e-08
3666	1e-08
3667	1e-08
3669	1e-08
3670	3e-08
3671	2e-08
3672	1e-08
3676	1e-08
3677	1e-08
3679	1e-08
3681	2e-08
3682	1e-08
3683	1e-08
3684	2e-08
3686	1e-08
3688	1e-08
3691	1e-08
3693	1e-08
3694	2e-08
3695	2e-08
3696	2e-08
3697	1e-08
3698	1e-08
3699	1e-08
3700	4e-08
3702	1e-08
3705	1e-08
3706	2e-08
3707	1e-08
3709	4e-08
3710	1e-08
3712	3e-08
3713	3e-08
3719	1e-08
3720	2e-08
3721	4e-08
3722	2e-08
3725	2e-08
3726	1e-08
3728	2e-08
3729	2e-08
3730	2e-08
3731	2e-08
3732	1e-08
3733	1e-08
3734	1e-08
3735	3e-08
3736	2e-08
3739	3e-08
3741	1e-08
3742	2e-08
3743	1e-08
3744	1e-08
3745	1e-08
3746	1e-08
3747	3e-08
3749	1e-08
3750	3e-08
3751	2e-08
3753	1e-08
3754	4e-08
3756	2e-08
3757	3e-08
3758	1e-08
3759	1e-08
3760	1e-08
3762	2e-08
3763	3e-08
3764	2e-08
3765	3e-08
3766	2e-08
3768	1e-08
3769	1e-08
3770	1e-08
3771	1e-08
3774	2e-08
3776	2e-08
3778	1e-08
3780	1e-08
3782	1e-08
3784	1e-08
3785	1e-08
3786	1e-08
3788	1e-08
3789	1e-08
3791	3e-08
3792	3e-08
3793	2e-08
3794	2e-08
3796	1e-08
3797	2e-08
3798	1e-08
3799	2e-08
3801	2e-08
3802	2e-08
3803	2e-08
3808	1e-08
3809	1e-08
3810	1e-08
3811	1e-08
3813	2e-08
3814	3e-08
3817	4e-08
3818	2e-08
3819	1e-08
3821	3e-08
3822	2e-08
3823	1e-08
3826	1e-08
3827	1e-08
3828	2e-08
3829	1e-08
3830	1e-08
3831	1e-08
3832	1e-08
3834	1e-08
3835	5e-08
3837	1e-08
3838	1e-08
3844	1e-08
3845	3e-08
3847	1e-08
3849	2e-08
3852	2e-08
3853	1e-08
3854	1e-08
3856	3e-08
3857	1e-08
3858	1e-08
3859	1e-08
3861	2e-08
3862	2e-08
3863	1e-08
3864	3e-08
3868	1e-08
3869	2e-08
3870	4e-08
3871	2e-08
3872	1e-08
3873	1e-08
3874	1e-08
3875	2e-08
3876	1e-08
3878	4e-08
3881	1e-08
3882	3e-08
3883	1e-08
3884	1e-08
3886	3e-08
3888	2e-08
3889	1e-08
3890	2e-08
3891	1e-08
3892	2e-08
3893	3e-08
3894	2e-08
3895	2e-08
3898	3e-08
3899	1e-08
3902	3e-08
3903	2e-08
3904	3e-08
3906	3e-08
3907	4e-08
3908	2e-08
3909	3e-08
3911	1e-08
3912	2e-08
3913	2e-08
3914	1e-08
3915	1e-08
3916	1e-08
3918	1e-08
3921	1e-08
3922	2e-08
3924	2e-08
3925	3e-08
3926	2e-08
3927	2e-08
3928	1e-08
3929	2e-08
3931	2e-08
3932	3e-08
3933	1e-08
3934	2e-08
3935	1e-08
3936	2e-08
3937	2e-08
3938	3e-08
3939	1e-08
3941	2e-08
3942	1e-08
3945	1e-08
3947	1e-08
3948	2e-08
3949	2e-08
3950	1e-08
3951	1e-08
3952	1e-08
3953	2e-08
3954	1e-08
3956	5e-08
3957	3e-08
3958	1e-08
3960	1e-08
3961	1e-08
3962	3e-08
3963	1e-08
3964	1e-08
3965	1e-08
3967	2e-08
3968	1e-08
3969	4e-08
3971	1e-08
3972	1e-08
3973	1e-08
3974	2e-08
3975	3e-08
3976	2e-08
3984	4e-08
3985	1e-08
3986	2e-08
3987	1e-08
3989	1e-08
3990	2e-08
3992	1e-08
3993	2e-08
3994	2e-08
3995	5e-08
3997	1e-08
3998	2e-08
3999	1e-08
4000	1e-08
4001	2e-08
4002	1e-08
4003	1e-08
4007	1e-08
4008	3e-08
4009	2e-08
4010	2e-08
4011	1e-08
4013	1e-08
4015	1e-08
4016	1e-08
4018	2e-08
4019	1e-08
4020	2e-08
4022	1e-08
4023	4e-08
4025	1e-08
4026	2e-08
4027	1e-08
4028	1e-08
4029	1e-08
4030	1e-08
4031	2e-08
4032	2e-08
4033	1e-08
4034	3e-08
4035	1e-08
4037	1e-08
4038	2e-08
4039	1e-08
4041	1e-08
4042	2e-08
4043	1e-08
4046	2e-08
4047	3e-08
4048	1e-08
4049	5e-08
4052	1e-08
4053	1e-08
4055	1e-08
4056	3e-08
4057	2e-08
4060	3e-08
4064	2e-08
4065	1e-08
4066	2e-08
4067	6e-08
4068	3e-08
4070	2e-08
4071	1e-08
4072	2e-08
4074	1e-08
4075	2e-08
4077	2e-08
4079	3e-08
4083	1e-08
4084	1e-08
4085	2e-08
4086	2e-08
4087	1e-08
4089	1e-08
4090	2e-08
4091	1e-08
4092	1e-08
4093	1e-08
4094	1e-08
4095	1e-08
4096	2e-08
4099	4e-08
4100	1e-08
4105	3e-08
4107	2e-08
4108	1e-08
4110	2e-08
4111	1e-08
4112	2e-08
4114	1e-08
4115	2e-08
4116	1e-08
4117	2e-08
4118	2e-08
4120	2e-08
4121	1e-08
4122	1e-08
4123	2e-08
4124	1e-08
4125	1e-08
4126	3e-08
4127	2e-08
4130	1e-08
4131	3e-08
4132	2e-08
4133	2e-08
4134	4e-08
4135	1e-08
4136	2e-08
4137	2e-08
4139	1e-08
4140	1e-08
4141	2e-08
4142	1e-08
4144	1e-08
4145	2e-08
4146	3e-08
4147	1e-08
4148	1e-08
4149	2e-08
4151	1e-08
4152	2e-08
4153	1e-08
4155	1e-08
4156	1e-08
4158	1e-08
4159	2e-08
4160	1e-08
4161	3e-08
4162	2e-08
4163	4e-08
4164	1e-08
4165	1e-08
4166	1e-08
4167	1e-08
4168	2e-08
4171	2e-08
4173	1e-08
4174	1e-08
4176	2e-08
4177	3e-08
4181	1e-08
4182	2e-08
4183	1e-08
4184	1e-08
4185	1e-08
4186	1e-08
4188	2e-08
4189	1e-08
4190	3e-08
4191	3e-08
4192	3e-08
4193	1e-08
4194	2e-08
4195	1e-08
4196	1e-08
4197	1e-08
4198	4e-08
4199	2e-08
4201	1e-08
4202	1e-08
4203	1e-08
4204	3e-08
4205	2e-08
4207	3e-08
4209	1e-08
4210	3e-08
4211	1e-08
4212	4e-08
4213	2e-08
4214	2e-08
4215	3e-08
4217	2e-08
4220	2e-08
4221	2e-08
4223	2e-08
4224	2e-08
4225	1e-08
4226	1e-08
4227	5e-08
4230	2e-08
4231	4e-08
4232	1e-08
4233	2e-08
4234	2e-08
4238	2e-08
4239	1e-08
4240	1e-08
4241	4e-08
4242	2e-08
4243	2e-08
4244	1e-08
4245	1e-08
4246	1e-08
4247	1e-08
4249	2e-08
4252	2e-08
4254	1e-08
4255	3e-08
4256	2e-08
4257	1e-08
4258	2e-08
4259	1e-08
4260	4e-08
4261	4e-08
4262	1e-08
4263	1e-08
4264	2e-08
4265	4e-08
4266	3e-08
4269	1e-08
4270	2e-08
4271	1e-08
4272	2e-08
4275	1e-08
4276	4e-08
4277	1e-08
4278	3e-08
4279	2e-08
4280	2e-08
4282	2e-08
4283	1e-08
4287	1e-08
4288	1e-08
4290	1e-08
4291	1e-08
4292	2e-08
4293	2e-08
4294	2e-08
4295	2e-08
4296	2e-08
4297	1e-08
4299	2e-08
4300	4e-08
4302	1e-08
4303	1e-08
4304	2e-08
4305	2e-08
4307	1e-08
4308	2e-08
4309	1e-08
4310	1e-08
4311	2e-08
4313	3e-08
4314	1e-08
4316	1e-08
4317	4e-08
4318	1e-08
4319	2e-08
4320	2e-08
4321	1e-08
4322	1e-08
4324	1e-08
4325	3e-08
4326	4e-08
4327	1e-08
4328	3e-08
4329	1e-08
4330	3e-08
4331	5e-08
4332	3e-08
4333	2e-08
4334	1e-08
4335	1e-08
4336	1e-08
4337	2e-08
4338	1e-08
4339	2e-08
4340	2e-08
4342	1e-08
4343	1e-08
4344	1e-08
4345	2e-08
4346	2e-08
4347	2e-08
4348	2e-08
4349	2e-08
4350	2e-08
4351	1e-08
4352	1e-08
4353	2e-08
4354	2e-08
4356	3e-08
4357	1e-08
4358	1e-08
4359	1e-08
4363	1e-08
4364	2e-08
4365	2e-08
4366	5e-08
4367	5e-08
4368	2e-08
4369	3e-08
4371	5e-08
4372	2e-08
4373	1e-08
4374	1e-08
4375	3e-08
4376	2e-08
4377	1e-08
4378	1e-08
4379	2e-08
4381	2e-08
4382	1e-08
4383	1e-08
4384	2e-08
4385	3e-08
4386	3e-08
4387	3e-08
4388	1e-08
4389	1e-08
4390	1e-08
4391	3e-08
4392	3e-08
4393	2e-08
4394	1e-08
4395	2e-08
4397	1e-08
4398	1e-08
4399	2e-08
4400	2e-08
4401	1e-08
4402	1e-08
4404	1e-08
4405	3e-08
4408	2e-08
4410	4e-08
4411	2e-08
4412	2e-08
4413	1e-08
4415	4e-08
4416	1e-08
4417	1e-08
4418	2e-08
4419	1e-08
4420	1e-08
4422	1e-08
4423	4e-08
4426	2e-08
4427	1e-08
4428	1e-08
4430	1e-08
4431	2e-08
4432	1e-08
4433	2e-08
4434	2e-08
4436	1e-08
4437	1e-08
4438	1e-08
4439	1e-08
4440	1e-08
4441	1e-08
4443	7e-08
4444	1e-08
4445	4e-08
4446	1e-08
4447	1e-08
4448	5e-08
4450	1e-08
4451	4e-08
4452	1e-08
4453	1e-08
4454	2e-08
4455	5e-08
4456	1e-08
4457	1e-08
4458	1e-08
4459	1e-08
4460	1e-08
4461	2e-08
4462	2e-08
4463	2e-08
4464	4e-08
4465	2e-08
4466	2e-08
4467	4e-08
4468	1e-08
4469	3e-08
4470	4e-08
4471	1e-08
4473	2e-08
4474	1e-08
4475	3e-08
4476	3e-08
4478	1e-08
4479	1e-08
4480	2e-08
4481	2e-08
4482	3e-08
4483	2e-08
4485	2e-08
4486	2e-08
4487	2e-08
4488	1e-08
4489	1e-08
4491	1e-08
4493	1e-08
4494	1e-08
4495	4e-08
4496	2e-08
4497	2e-08
4498	5e-08
4499	4e-08
4500	1e-08
4502	2e-08
4503	2e-08
4504	4e-08
4505	4e-08
4506	1e-08
4507	4e-08
4508	1e-08
4509	1e-08
4510	3e-08
4511	2e-08
4512	4e-08
4513	1e-08
4514	1e-08
4515	2e-08
4516	1e-08
4518	1e-08
4519	1e-08
4523	2e-08
4524	3e-08
4525	4e-08
4527	1e-08
4529	1e-08
4531	3e-08
4532	3e-08
4533	2e-08
4534	1e-08
4535	6e-08
4536	1e-08
4537	2e-08
4538	1e-08
4539	1e-08
4540	1e-08
4542	3e-08
4543	3e-08
4544	1e-08
4545	4e-08
4548	3e-08
4549	1e-08
4550	2e-08
4551	2e-08
4552	2e-08
4553	2e-08
4554	2e-08
4556	3e-08
4557	4e-08
4558	2e-08
4559	1e-08
4561	4e-08
4562	2e-08
4563	1e-08
4565	3e-08
4566	2e-08
4567	1e-08
4569	1e-08
4570	1e-08
4571	1e-08
4572	3e-08
4573	2e-08
4575	2e-08
4577	1e-08
4578	3e-08
4582	2e-08
4584	3e-08
4585	4e-08
4586	1e-08
4588	1e-08
4590	2e-08
4592	3e-08
4593	5e-08
4594	1e-08
4595	1e-08
4599	3e-08
4600	2e-08
4601	2e-08
4603	3e-08
4604	2e-08
4606	4e-08
4607	4e-08
4608	3e-08
4610	2e-08
4611	5e-08
4613	1e-08
4614	1e-08
4615	2e-08
4616	2e-08
4617	1e-08
4618	3e-08
4619	2e-08
4620	3e-08
4621	3e-08
4622	1e-08
4624	4e-08
4626	1e-08
4628	1e-08
4629	1e-08
4631	2e-08
4632	2e-08
4633	1e-08
4634	1e-08
4635	2e-08
4636	2e-08
4637	2e-08
4638	2e-08
4639	1e-08
4640	2e-08
4641	2e-08
4642	1e-08
4643	2e-08
4645	1e-08
4646	3e-08
4647	1e-08
4648	1e-08
4650	2e-08
4651	3e-08
4652	3e-08
4653	4e-08
4654	3e-08
4655	6e-08
4656	1e-08
4657	4e-08
4658	6e-08
4659	1e-08
4660	1e-08
4661	1e-08
4663	2e-08
4664	1e-08
4665	1e-08
4666	3e-08
4667	3e-08
4668	2e-08
4669	2e-08
4670	2e-08
4671	2e-08
4672	2e-08
4673	1e-08
4674	2e-08
4676	1e-08
4677	1e-08
4678	1e-08
4679	3e-08
4680	1e-08
4681	1e-08
4682	3e-08
4684	1e-08
4685	2e-08
4686	1e-08
4688	1e-08
4689	4e-08
4690	2e-08
4691	3e-08
4692	2e-08
4693	1e-08
4694	1e-08
4695	2e-08
4696	1e-08
4697	2e-08
4699	3e-08
4700	2e-08
4701	1e-08
4702	4e-08
4703	1e-08
4704	3e-08
4705	3e-08
4706	2e-08
4707	4e-08
4708	3e-08
4709	2e-08
4710	3e-08
4711	1e-08
4712	5e-08
4713	1e-08
4714	2e-08
4716	2e-08
4717	1e-08
4719	2e-08
4720	4e-08
4721	2e-08
4723	3e-08
4724	1e-08
4725	2e-08
4726	4e-08
4727	3e-08
4728	3e-08
4730	2e-08
4731	3e-08
4732	2e-08
4733	2e-08
4735	2e-08
4737	4e-08
4738	2e-08
4739	1e-08
4741	1e-08
4743	1e-08
4744	2e-08
4745	3e-08
4746	2e-08
4747	3e-08
4748	1e-08
4750	1e-08
4751	3e-08
4752	2e-08
4753	1e-08
4754	3e-08
4757	1e-08
4758	4e-08
4759	2e-08
4760	2e-08
4761	5e-08
4762	4e-08
4763	3e-08
4764	2e-08
4765	1e-08
4766	3e-08
4767	2e-08
4768	5e-08
4769	3e-08
4771	6e-08
4772	2e-08
4774	1e-08
4775	2e-08
4776	3e-08
4777	4e-08
4778	1e-08
4780	3e-08
4781	4e-08
4782	3e-08
4783	2e-08
4784	2e-08
4785	5e-08
4786	5e-08
4787	3e-08
4788	2e-08
4789	1e-08
4791	1e-08
4792	1e-08
4793	2e-08
4794	1e-08
4795	1e-08
4797	6e-08
4798	1e-08
4799	4e-08
4800	2e-08
4801	2e-08
4802	3e-08
4803	1e-08
4804	1e-08
4805	1e-08
4806	2e-08
4808	5e-08
4809	2e-08
4810	2e-08
4811	3e-08
4813	3e-08
4814	2e-08
4816	2e-08
4817	3e-08
4818	3e-08
4819	5e-08
4820	2e-08
4821	2e-08
4822	4e-08
4823	2e-08
4824	4e-08
4825	1e-08
4826	1e-08
4827	1e-08
4828	4e-08
4830	3e-08
4831	2e-08
4832	2e-08
4834	1e-08
4835	1e-08
4836	2e-08
4838	3e-08
4839	2e-08
4840	4e-08
4841	1e-08
4842	3e-08
4843	6e-08
4844	1e-08
4845	1e-08
4847	1e-08
4849	2e-08
4850	4e-08
4851	3e-08
4852	2e-08
4853	1e-08
4855	1e-08
4856	1e-08
4857	2e-08
4859	3e-08
4860	1e-08
4862	1e-08
4863	2e-08
4864	3e-08
4865	3e-08
4866	1e-08
4867	1e-08
4868	3e-08
4869	2e-08
4870	1e-08
4871	3e-08
4872	2e-08
4873	1e-08
4874	2e-08
4875	4e-08
4876	3e-08
4877	3e-08
4879	2e-08
4880	2e-08
4881	4e-08
4883	1e-08
4884	4e-08
4885	1e-08
4886	2e-08
4887	1e-08
4888	1e-08
4889	5e-08
4890	1e-08
4892	3e-08
4893	2e-08
4895	2e-08
4896	2e-08
4897	1e-08
4898	3e-08
4899	1e-08
4900	3e-08
4902	7e-08
4903	2e-08
4904	2e-08
4905	2e-08
4906	2e-08
4907	4e-08
4908	1e-08
4909	2e-08
4910	2e-08
4911	3e-08
4912	2e-08
4913	3e-08
4914	2e-08
4915	3e-08
4916	1e-08
4917	2e-08
4918	4e-08
4919	4e-08
4920	3e-08
4921	1e-08
4922	1e-08
4923	1e-08
4924	1e-08
4925	2e-08
4927	3e-08
4928	6e-08
4929	2e-08
4930	2e-08
4931	2e-08
4932	3e-08
4933	4e-08
4934	1e-08
4936	3e-08
4937	1e-08
4938	2e-08
4939	6e-08
4941	1e-08
4942	3e-08
4943	3e-08
4944	4e-08
4945	1e-08
4948	1e-08
4949	2e-08
4950	1e-08
4951	1e-08
4952	1e-08
4953	1e-08
4954	1e-08
4955	4e-08
4956	6e-08
4957	1e-08
4959	1e-08
4960	2e-08
4961	1e-08
4962	1e-08
4963	4e-08
4964	2e-08
4965	4e-08
4966	6e-08
4967	2e-08
4968	2e-08
4970	1e-08
4971	2e-08
4972	3e-08
4974	1e-08
4975	1e-08
4976	2e-08
4977	1e-08
4978	3e-08
4980	3e-08
4981	2e-08
4982	1e-08
4983	1e-08
4984	2e-08
4985	2e-08
4986	2e-08
4987	1e-08
4988	2e-08
4990	1e-08
4991	5e-08
4992	2e-08
4993	1e-08
4994	2e-08
4995	2e-08
4997	3e-08
4998	1e-08
4999	1e-08
5000	3e-08
5001	3e-08
5002	4e-08
5003	1e-08
5004	2e-08
5005	3e-08
5006	1e-08
5007	3e-08
5008	2e-08
5009	3e-08
5011	1e-08
5012	1e-08
5013	2e-08
5014	3e-08
5015	4e-08
5016	2e-08
5017	2e-08
5018	2e-08
5020	4e-08
5021	1e-08
5022	2e-08
5023	2e-08
5025	1e-08
5027	2e-08
5028	2e-08
5029	3e-08
5030	2e-08
5031	2e-08
5033	4e-08
5034	4e-08
5035	7e-08
5036	5e-08
5037	2e-08
5038	1e-08
5039	1e-08
5042	5e-08
5043	4e-08
5044	1e-08
5045	1e-08
5046	2e-08
5049	1e-08
5050	1e-08
5051	5e-08
5052	2e-08
5054	2e-08
5055	1e-08
5056	2e-08
5057	1e-08
5058	2e-08
5059	1e-08
5060	4e-08
5061	1e-08
5062	3e-08
5063	3e-08
5065	1e-08
5066	1e-08
5067	1e-08
5068	2e-08
5069	1e-08
5070	3e-08
5071	1e-08
5072	3e-08
5073	3e-08
5074	5e-08
5075	2e-08
5076	1e-08
5077	4e-08
5078	3e-08
5079	4e-08
5080	1e-08
5081	4e-08
5082	4e-08
5083	2e-08
5084	2e-08
5086	2e-08
5087	5e-08
5088	1e-08
5089	2e-08
5091	3e-08
5092	2e-08
5093	2e-08
5094	2e-08
5095	2e-08
5096	5e-08
5098	5e-08
5099	3e-08
5100	4e-08
5101	2e-08
5102	3e-08
5103	3e-08
5104	4e-08
5105	2e-08
5106	2e-08
5108	3e-08
5109	2e-08
5111	1e-08
5112	1e-08
5113	3e-08
5114	2e-08
5115	1e-08
5117	2e-08
5118	3e-08
5119	4e-08
5121	4e-08
5122	3e-08
5123	4e-08
5125	1e-08
5126	1e-08
5127	1e-08
5129	2e-08
5131	3e-08
5132	4e-08
5133	3e-08
5134	2e-08
5135	2e-08
5136	3e-08
5138	2e-08
5139	2e-08
5140	1e-08
5141	2e-08
5143	2e-08
5144	5e-08
5145	2e-08
5146	4e-08
5147	3e-08
5148	1e-08
5149	3e-08
5150	4e-08
5151	4e-08
5152	1e-08
5153	1e-08
5155	2e-08
5157	6e-08
5159	6e-08
5160	1e-08
5161	3e-08
5162	5e-08
5163	2e-08
5164	3e-08
5165	2e-08
5166	1e-08
5167	7e-08
5168	6e-08
5169	3e-08
5170	4e-08
5171	3e-08
5172	2e-08
5174	4e-08
5175	3e-08
5176	1e-08
5177	1e-08
5178	2e-08
5179	2e-08
5180	3e-08
5181	1e-08
5185	1e-08
5186	1e-08
5187	2e-08
5189	1e-08
5190	1e-08
5191	1e-08
5192	2e-08
5193	3e-08
5194	4e-08
5195	2e-08
5196	3e-08
5197	2e-08
5198	4e-08
5199	4e-08
5200	2e-08
5201	2e-08
5202	2e-08
5203	5e-08
5204	3e-08
5206	2e-08
5207	3e-08
5208	4e-08
5209	1e-08
5210	2e-08
5211	2e-08
5213	4e-08
5214	1e-08
5215	2e-08
5216	3e-08
5217	1e-08
5218	3e-08
5219	2e-08
5220	5e-08
5221	7e-08
5222	6e-08
5223	3e-08
5224	1e-08
5225	2e-08
5226	1e-08
5227	4e-08
5228	2e-08
5229	3e-08
5230	2e-08
5231	2e-08
5232	3e-08
5234	1e-08
5235	2e-08
5236	1e-08
5237	2e-08
5238	2e-08
5239	3e-08
5240	6e-08
5241	2e-08
5242	4e-08
5243	1e-08
5244	2e-08
5245	2e-08
5246	3e-08
5247	3e-08
5248	1e-08
5249	1e-08
5250	4e-08
5251	4e-08
5252	3e-08
5253	4e-08
5254	4e-08
5255	1e-08
5256	2e-08
5257	1e-08
5258	2e-08
5259	2e-08
5260	2e-08
5263	4e-08
5264	1e-08
5265	1e-08
5266	5e-08
5267	1e-08
5268	1e-08
5269	2e-08
5270	2e-08
5271	1e-08
5272	1e-08
5274	2e-08
5275	3e-08
5276	2e-08
5277	1e-08
5278	1e-08
5279	2e-08
5281	2e-08
5283	1e-08
5284	5e-08
5285	1e-08
5287	5e-08
5288	2e-08
5290	2e-08
5291	2e-08
5292	3e-08
5293	2e-08
5294	4e-08
5295	3e-08
5297	2e-08
5298	3e-08
5299	1e-08
5300	1e-08
5301	1e-08
5303	1e-08
5304	5e-08
5305	2e-08
5306	2e-08
5307	1e-08
5308	2e-08
5309	4e-08
5310	6e-08
5311	1e-08
5312	3e-08
5313	5e-08
5314	4e-08
5315	1e-08
5316	2e-08
5317	1e-08
5318	2e-08
5319	3e-08
5320	2e-08
5321	3e-08
5322	4e-08
5323	2e-08
5324	1e-08
5325	1e-08
5327	4e-08
5328	1e-08
5329	2e-08
5330	5e-08
5331	1e-08
5332	5e-08
5333	2e-08
5334	2e-08
5335	2e-08
5336	2e-08
5337	4e-08
5338	3e-08
5339	1e-08
5340	2e-08
5342	1e-08
5343	1e-08
5344	1e-08
5345	2e-08
5347	2e-08
5348	2e-08
5349	1e-08
5350	3e-08
5352	1e-08
5353	1e-08
5354	5e-08
5355	3e-08
5356	2e-08
5357	2e-08
5358	1e-08
5360	2e-08
5361	2e-08
5362	1e-08
5363	3e-08
5364	2e-08
5365	2e-08
5366	2e-08
5367	6e-08
5368	4e-08
5369	2e-08
5370	1e-08
5371	1e-08
5372	2e-08
5373	1e-08
5374	6e-08
5375	1e-08
5376	3e-08
5377	1e-08
5378	3e-08
5379	3e-08
5380	3e-08
5381	1e-08
5382	5e-08
5384	1e-08
5385	2e-08
5386	2e-08
5387	2e-08
5388	1e-08
5389	2e-08
5390	1e-08
5391	1e-08
5392	2e-08
5393	1e-08
5394	1e-08
5395	1e-08
5396	3e-08
5397	2e-08
5398	1e-08
5399	2e-08
5400	5e-08
5403	3e-08
5404	7e-08
5405	2e-08
5406	3e-08
5407	3e-08
5408	1e-08
5409	3e-08
5410	3e-08
5411	2e-08
5412	3e-08
5413	4e-08
5414	2e-08
5415	3e-08
5416	1e-08
5417	1e-08
5418	4e-08
5419	2e-08
5420	3e-08
5421	1e-08
5422	5e-08
5423	3e-08
5424	4e-08
5425	3e-08
5428	3e-08
5429	7e-08
5430	1e-08
5432	1e-08
5433	2e-08
5435	2e-08
5437	2e-08
5438	2e-08
5440	2e-08
5441	5e-08
5442	2e-08
5443	5e-08
5444	5e-08
5445	2e-08
5447	3e-08
5448	1e-08
5449	2e-08
5450	3e-08
5452	1e-08
5453	4e-08
5454	3e-08
5455	3e-08
5456	1e-08
5457	1e-08
5458	6e-08
5459	3e-08
5460	4e-08
5461	2e-08
5462	2e-08
5463	1e-08
5464	5e-08
5465	2e-08
5466	3e-08
5467	1e-08
5468	2e-08
5469	5e-08
5470	4e-08
5471	1e-08
5472	1e-08
5473	3e-08
5474	2e-08
5475	2e-08
5477	3e-08
5478	1e-08
5479	3e-08
5480	2e-08
5481	6e-08
5482	3e-08
5483	1e-08
5484	2e-08
5485	3e-08
5486	4e-08
5487	1e-08
5490	2e-08
5491	1e-08
5492	3e-08
5493	4e-08
5495	3e-08
5496	1e-08
5497	4e-08
5498	1e-08
5499	3e-08
5500	2e-08
5501	2e-08
5502	5e-08
5503	2e-08
5504	2e-08
5505	5e-08
5506	2e-08
5507	3e-08
5508	4e-08
5509	3e-08
5510	4e-08
5511	2e-08
5512	5e-08
5513	2e-08
5514	1e-08
5515	6e-08
5516	1e-08
5517	6e-08
5518	2e-08
5519	1e-08
5520	4e-08
5521	1e-07
5522	2e-08
5523	2e-08
5524	3e-08
5525	1e-08
5526	1e-08
5527	2e-08
5528	4e-08
5529	3e-08
5530	1e-08
5531	1e-08
5533	2e-08
5534	4e-08
5536	1e-08
5537	6e-08
5539	2e-08
5540	2e-08
5541	5e-08
5542	3e-08
5543	3e-08
5544	2e-08
5545	2e-08
5546	4e-08
5547	4e-08
5548	2e-08
5549	1e-08
5550	1e-08
5551	3e-08
5552	2e-08
5553	6e-08
5555	1e-08
5556	5e-08
5557	3e-08
5558	3e-08
5559	3e-08
5560	7e-08
5561	1e-08
5562	2e-08
5563	3e-08
5564	7e-08
5565	3e-08
5566	1e-08
5567	1e-08
5568	1e-08
5569	3e-08
5570	3e-08
5571	3e-08
5572	4e-08
5573	3e-08
5574	4e-08
5575	1e-08
5576	4e-08
5577	5e-08
5578	2e-08
5579	2e-08
5580	2e-08
5581	2e-08
5582	1e-08
5583	2e-08
5584	2e-08
5585	3e-08
5586	2e-08
5587	3e-08
5588	5e-08
5589	1e-08
5590	2e-08
5591	2e-08
5592	3e-08
5593	2e-08
5594	3e-08
5595	2e-08
5596	4e-08
5598	4e-08
5599	1e-08
5600	4e-08
5601	5e-08
5602	4e-08
5603	4e-08
5604	1e-08
5605	4e-08
5606	2e-08
5607	2e-08
5608	3e-08
5610	3e-08
5611	1e-08
5613	5e-08
5614	3e-08
5616	3e-08
5617	1e-08
5618	2e-08
5619	1e-08
5620	1e-08
5621	1e-08
5622	2e-08
5623	7e-08
5624	3e-08
5625	2e-08
5626	4e-08
5627	4e-08
5628	4e-08
5629	4e-08
5630	3e-08
5631	2e-08
5632	4e-08
5633	2e-08
5634	4e-08
5635	3e-08
5636	4e-08
5637	3e-08
5638	1e-08
5639	1e-08
5640	1e-08
5641	3e-08
5642	1e-08
5643	2e-08
5644	2e-08
5645	1e-08
5646	3e-08
5648	3e-08
5649	4e-08
5650	1e-08
5651	3e-08
5652	4e-08
5653	2e-08
5654	6e-08
5655	2e-08
5656	3e-08
5657	2e-08
5659	1e-08
5660	1e-08
5661	2e-08
5662	2e-08
5663	2e-08
5664	3e-08
5665	2e-08
5666	1e-08
5667	6e-08
5668	6e-08
5669	3e-08
5670	1e-08
5671	5e-08
5672	3e-08
5673	5e-08
5674	5e-08
5675	2e-08
5676	4e-08
5677	2e-08
5678	2e-08
5679	3e-08
5680	1e-08
5682	4e-08
5683	3e-08
5684	4e-08
5685	3e-08
5686	2e-08
5688	1e-08
5689	4e-08
5690	1e-08
5691	5e-08
5692	4e-08
5693	1e-08
5694	2e-08
5695	3e-08
5696	3e-08
5697	5e-08
5698	1e-08
5699	2e-08
5700	4e-08
5701	2e-08
5702	5e-08
5703	1e-08
5704	3e-08
5705	2e-08
5706	8e-08
5707	2e-08
5708	4e-08
5709	3e-08
5710	2e-08
5711	2e-08
5712	2e-08
5713	3e-08
5714	1e-08
5715	1e-08
5716	3e-08
5717	3e-08
5718	3e-08
5719	3e-08
5720	5e-08
5721	4e-08
5722	2e-08
5723	2e-08
5724	2e-08
5725	1e-08
5726	3e-08
5727	1e-08
5728	2e-08
5729	3e-08
5730	4e-08
5731	2e-08
5732	2e-08
5733	2e-08
5734	4e-08
5735	1e-08
5736	1e-08
5737	2e-08
5738	2e-08
5739	2e-08
5740	1e-08
5741	5e-08
5742	2e-08
5743	2e-08
5744	5e-08
5745	2e-08
5746	1e-08
5747	3e-08
5748	5e-08
5749	2e-08
5750	4e-08
5751	1e-08
5752	2e-08
5753	5e-08
5754	1e-08
5755	2e-08
5756	2e-08
5757	3e-08
5758	1e-08
5759	4e-08
5760	3e-08
5761	2e-08
5762	5e-08
5763	1e-08
5764	1e-08
5765	6e-08
5766	3e-08
5767	2e-08
5768	1e-08
5769	3e-08
5770	4e-08
5771	4e-08
5773	5e-08
5774	4e-08
5776	3e-08
5777	1e-08
5778	7e-08
5779	4e-08
5780	1e-08
5781	3e-08
5782	4e-08
5783	2e-08
5784	2e-08
5785	3e-08
5786	5e-08
5787	2e-08
5788	4e-08
5790	2e-08
5791	2e-08
5792	8e-08
5793	1e-08
5794	4e-08
5795	1e-08
5796	1e-08
5797	4e-08
5798	2e-08
5799	2e-08
5800	1e-08
5801	1e-08
5802	2e-08
5803	3e-08
5804	4e-08
5805	2e-08
5806	2e-08
5807	3e-08
5808	7e-08
5809	2e-08
5810	2e-08
5812	3e-08
5813	4e-08
5814	4e-08
5815	6e-08
5816	6e-08
5817	2e-08
5819	5e-08
5820	4e-08
5821	1e-08
5823	4e-08
5824	1e-08
5825	4e-08
5826	4e-08
5827	3e-08
5828	1e-08
5829	3e-08
5830	3e-08
5831	2e-08
5832	5e-08
5833	2e-08
5834	2e-08
5835	2e-08
5836	1e-08
5837	5e-08
5838	1e-08
5839	5e-08
5840	1e-08
5841	1e-08
5842	6e-08
5843	2e-08
5844	4e-08
5845	4e-08
5846	2e-08
5847	4e-08
5848	1e-08
5849	6e-08
5850	4e-08
5851	3e-08
5852	2e-08
5853	1e-08
5854	3e-08
5855	4e-08
5856	5e-08
5857	3e-08
5858	3e-08
5859	4e-08
5860	3e-08
5861	4e-08
5862	2e-08
5863	2e-08
5864	3e-08
5865	3e-08
5866	7e-08
5867	6e-08
5868	6e-08
5869	1e-08
5870	1e-08
5871	6e-08
5872	1e-08
5873	4e-08
5874	2e-08
5875	8e-08
5876	3e-08
5877	4e-08
5878	4e-08
5879	4e-08
5880	2e-08
5881	3e-08
5882	4e-08
5883	5e-08
5885	2e-08
5886	6e-08
5887	3e-08
5888	2e-08
5889	2e-08
5890	1e-08
5891	3e-08
5892	4e-08
5893	2e-08
5894	1e-08
5895	2e-08
5896	3e-08
5897	2e-08
5898	1e-08
5901	1e-08
5902	3e-08
5903	4e-08
5905	1e-08
5906	3e-08
5907	6e-08
5908	2e-08
5909	1e-08
5910	3e-08
5911	1e-08
5912	4e-08
5913	4e-08
5914	6e-08
5915	2e-08
5916	1e-08
5917	2e-08
5918	2e-08
5920	5e-08
5921	4e-08
5922	7e-08
5923	1e-08
5924	2e-08
5925	1e-08
5926	1e-08
5927	1e-08
5928	4e-08
5929	4e-08
5930	3e-08
5931	4e-08
5932	4e-08
5933	4e-08
5934	3e-08
5935	3e-08
5936	1e-08
5937	1e-08
5938	2e-08
5939	2e-08
5940	2e-08
5941	3e-08
5942	3e-08
5944	1e-08
5945	1e-08
5946	5e-08
5947	3e-08
5948	4e-08
5949	2e-08
5950	1e-08
5951	4e-08
5952	2e-08
5953	2e-08
5954	5e-08
5955	3e-08
5956	2e-08
5958	5e-08
5959	1e-08
5960	3e-08
5961	2e-08
5962	2e-08
5963	4e-08
5964	3e-08
5965	2e-08
5966	6e-08
5967	2e-08
5968	2e-08
5969	3e-08
5970	2e-08
5971	2e-08
5972	1e-08
5973	2e-08
5974	4e-08
5975	1e-08
5976	2e-08
5977	3e-08
5978	2e-08
5979	2e-08
5980	2e-08
5981	1e-08
5982	5e-08
5983	2e-08
5985	4e-08
5986	3e-08
5987	2e-08
5988	2e-08
5989	5e-08
5990	3e-08
5991	2e-08
5992	5e-08
5993	2e-08
5994	1e-08
5995	3e-08
5997	2e-08
5998	2e-08
5999	4e-08
6000	3e-08
6001	4e-08
6002	5e-08
6003	3e-08
6004	1e-08
6005	2e-08
6006	2e-08
6007	2e-08
6008	2e-08
6009	3e-08
6010	3e-08
6011	1e-08
6012	3e-08
6013	2e-08
6014	3e-08
6015	5e-08
6016	1e-08
6017	1e-08
6018	6e-08
6019	3e-08
6020	5e-08
6021	2e-08
6022	2e-08
6023	3e-08
6024	2e-08
6025	2e-08
6027	4e-08
6028	1e-08
6029	2e-08
6030	2e-08
6031	4e-08
6032	2e-08
6033	2e-08
6034	2e-08
6035	5e-08
6037	5e-08
6038	1e-08
6039	3e-08
6040	2e-08
6041	1e-08
6042	4e-08
6043	1e-08
6044	5e-08
6045	3e-08
6046	3e-08
6047	4e-08
6048	3e-08
6049	4e-08
6050	2e-08
6051	2e-08
6052	4e-08
6053	1e-08
6054	4e-08
6055	1e-08
6056	3e-08
6058	4e-08
6059	3e-08
6060	5e-08
6061	1e-08
6062	2e-08
6063	3e-08
6064	3e-08
6065	5e-08
6066	1e-08
6067	3e-08
6068	1e-08
6069	1e-08
6070	4e-08
6071	2e-08
6072	3e-08
6073	3e-08
6074	2e-08
6075	3e-08
6076	2e-08
6077	1e-08
6078	7e-08
6079	2e-08
6080	4e-08
6081	3e-08
6082	3e-08
6084	5e-08
6085	2e-08
6086	2e-08
6087	2e-08
6088	3e-08
6089	3e-08
6090	2e-08
6091	3e-08
6092	2e-08
6093	1e-08
6094	1e-08
6095	3e-08
6096	2e-08
6097	2e-08
6098	2e-08
6099	3e-08
6100	5e-08
6101	5e-08
6102	3e-08
6103	1e-08
6104	6e-08
6106	1e-08
6107	4e-08
6108	2e-08
6109	1e-08
6110	3e-08
6111	5e-08
6113	4e-08
6114	2e-08
6115	2e-08
6116	2e-08
6117	4e-08
6118	2e-08
6119	2e-08
6120	2e-08
6121	3e-08
6122	5e-08
6123	6e-08
6124	2e-08
6125	5e-08
6126	1e-08
6127	4e-08
6128	1e-08
6129	5e-08
6130	2e-08
6131	1e-08
6133	4e-08
6134	6e-08
6135	4e-08
6137	3e-08
6138	2e-08
6139	4e-08
6140	2e-08
6141	3e-08
6142	4e-08
6143	6e-08
6144	2e-08
6145	2e-08
6146	4e-08
6147	4e-08
6148	7e-08
6149	6e-08
6150	8e-08
6151	2e-08
6152	5e-08
6153	2e-08
6154	3e-08
6155	4e-08
6156	4e-08
6157	3e-08
6158	3e-08
6159	3e-08
6160	4e-08
6161	5e-08
6162	1e-08
6163	2e-08
6164	3e-08
6165	2e-08
6166	3e-08
6167	3e-08
6168	6e-08
6169	2e-08
6170	3e-08
6171	5e-08
6172	2e-08
6173	2e-08
6174	7e-08
6175	5e-08
6176	4e-08
6177	7e-08
6178	1e-08
6179	3e-08
6180	3e-08
6181	1e-08
6183	3e-08
6184	4e-08
6185	3e-08
6186	2e-08
6188	1e-08
6189	5e-08
6190	2e-08
6191	3e-08
6192	7e-08
6193	5e-08
6194	1e-08
6195	3e-08
6196	3e-08
6197	3e-08
6198	1e-08
6199	1e-08
6200	2e-08
6201	2e-08
6202	3e-08
6204	6e-08
6205	2e-08
6206	3e-08
6207	1e-08
6208	7e-08
6209	4e-08
6210	4e-08
6211	1e-08
6212	1e-08
6213	4e-08
6215	1e-08
6216	4e-08
6217	1e-08
6218	3e-08
6219	4e-08
6220	2e-08
6221	1e-08
6222	6e-08
6223	2e-08
6224	3e-08
6225	1e-08
6226	4e-08
6227	2e-08
6228	2e-08
6229	2e-08
6230	2e-08
6231	4e-08
6232	2e-08
6233	3e-08
6234	3e-08
6235	9e-08
6236	2e-08
6237	2e-08
6238	4e-08
6239	2e-08
6240	1e-08
6242	4e-08
6243	4e-08
6244	7e-08
6245	5e-08
6246	2e-08
6247	6e-08
6248	5e-08
6249	4e-08
6250	4e-08
6251	4e-08
6252	5e-08
6253	3e-08
6254	2e-08
6255	3e-08
6256	1e-08
6257	2e-08
6258	1e-08
6259	5e-08
6260	2e-08
6261	5e-08
6263	5e-08
6264	5e-08
6265	8e-08
6266	3e-08
6267	3e-08
6268	2e-08
6269	2e-08
6270	1e-08
6271	2e-08
6272	5e-08
6273	2e-08
6274	4e-08
6275	4e-08
6276	2e-08
6277	3e-08
6278	5e-08
6279	2e-08
6280	6e-08
6281	1e-08
6282	4e-08
6283	2e-08
6284	5e-08
6285	4e-08
6286	6e-08
6287	3e-08
6288	1e-08
6289	4e-08
6290	4e-08
6291	3e-08
6292	6e-08
6293	1e-08
6294	4e-08
6295	2e-08
6296	3e-08
6297	1e-08
6298	4e-08
6300	5e-08
6301	1e-08
6302	3e-08
6303	2e-08
6304	2e-08
6305	5e-08
6306	4e-08
6307	3e-08
6308	3e-08
6309	4e-08
6310	1e-08
6311	2e-08
6312	4e-08
6313	3e-08
6314	4e-08
6316	2e-08
6317	5e-08
6318	7e-08
6319	3e-08
6320	3e-08
6321	4e-08
6322	2e-08
6323	4e-08
6324	5e-08
6325	1e-08
6326	4e-08
6327	3e-08
6328	3e-08
6329	3e-08
6331	3e-08
6332	1e-08
6334	3e-08
6335	4e-08
6336	4e-08
6337	4e-08
6338	3e-08
6339	6e-08
6340	4e-08
6341	1e-08
6342	4e-08
6343	6e-08
6344	1e-08
6345	6e-08
6346	2e-08
6347	2e-08
6348	5e-08
6349	1e-08
6350	2e-08
6351	2e-08
6352	3e-08
6353	3e-08
6354	1e-08
6355	3e-08
6356	1e-08
6357	2e-08
6358	4e-08
6359	1e-08
6360	2e-08
6361	2e-08
6362	3e-08
6363	3e-08
6365	2e-08
6366	4e-08
6367	3e-08
6368	1e-08
6369	2e-08
6370	3e-08
6371	1e-08
6372	5e-08
6373	4e-08
6374	3e-08
6375	1e-08
6376	2e-08
6377	3e-08
6378	6e-08
6379	5e-08
6380	2e-08
6382	1e-08
6383	1e-08
6384	7e-08
6385	6e-08
6386	2e-08
6387	6e-08
6388	5e-08
6389	2e-08
6390	3e-08
6391	3e-08
6392	2e-08
6393	5e-08
6394	4e-08
6395	3e-08
6396	4e-08
6397	2e-08
6398	3e-08
6399	1e-08
6400	2e-08
6401	5e-08
6402	1e-08
6403	3e-08
6404	4e-08
6407	3e-08
6408	3e-08
6409	2e-08
6410	5e-08
6411	5e-08
6412	2e-08
6413	3e-08
6414	2e-08
6415	2e-08
6416	4e-08
6417	2e-08
6418	2e-08
6419	3e-08
6420	2e-08
6421	2e-08
6422	2e-08
6423	8e-08
6424	3e-08
6425	5e-08
6426	2e-08
6427	2e-08
6428	5e-08
6429	4e-08
6430	4e-08
6431	5e-08
6432	3e-08
6433	2e-08
6434	2e-08
6435	4e-08
6436	1e-08
6437	1e-08
6438	2e-08
6439	4e-08
6440	4e-08
6441	2e-08
6442	3e-08
6443	2e-08
6444	2e-08
6445	5e-08
6446	1e-08
6447	6e-08
6448	2e-08
6449	1e-08
6450	1e-08
6452	3e-08
6454	3e-08
6455	5e-08
6456	5e-08
6457	2e-08
6458	2e-08
6459	2e-08
6460	3e-08
6461	4e-08
6462	6e-08
6463	6e-08
6464	3e-08
6465	2e-08
6466	5e-08
6467	3e-08
6468	3e-08
6469	4e-08
6470	2e-08
6471	6e-08
6472	1e-08
6474	1e-08
6475	3e-08
6476	4e-08
6477	2e-08
6478	1e-08
6479	4e-08
6480	4e-08
6481	2e-08
6482	5e-08
6483	3e-08
6484	5e-08
6485	2e-08
6486	1e-08
6487	6e-08
6488	4e-08
6489	2e-08
6490	4e-08
6491	3e-08
6492	7e-08
6493	2e-08
6494	3e-08
6495	4e-08
6496	4e-08
6497	3e-08
6498	3e-08
6499	3e-08
6500	3e-08
6501	2e-08
6502	6e-08
6503	2e-08
6504	1e-08
6505	3e-08
6506	4e-08
6507	2e-08
6508	6e-08
6509	2e-08
6511	2e-08
6512	3e-08
6513	1e-08
6514	3e-08
6515	1e-08
6516	3e-08
6517	2e-08
6518	3e-08
6519	4e-08
6520	2e-08
6521	4e-08
6522	3e-08
6523	4e-08
6524	3e-08
6527	3e-08
6528	2e-08
6529	3e-08
6530	5e-08
6531	2e-08
6532	2e-08
6533	6e-08
6534	1e-08
6535	3e-08
6536	4e-08
6537	5e-08
6538	5e-08
6539	2e-08
6540	5e-08
6541	3e-08
6542	3e-08
6543	6e-08
6544	3e-08
6545	3e-08
6546	5e-08
6547	3e-08
6548	3e-08
6549	8e-08
6550	1e-08
6552	3e-08
6553	3e-08
6554	5e-08
6555	2e-08
6556	3e-08
6557	3e-08
6558	1e-08
6559	2e-08
6560	2e-08
6561	2e-08
6562	3e-08
6563	4e-08
6564	4e-08
6565	4e-08
6566	5e-08
6567	2e-08
6568	1e-08
6569	1e-08
6570	3e-08
6571	5e-08
6572	3e-08
6573	3e-08
6574	3e-08
6575	2e-08
6576	3e-08
6577	3e-08
6578	2e-08
6579	4e-08
6580	2e-08
6581	1e-08
6582	1e-08
6583	1e-08
6584	4e-08
6585	2e-08
6586	4e-08
6587	3e-08
6588	5e-08
6589	4e-08
6590	4e-08
6591	2e-08
6592	4e-08
6593	3e-08
6594	1e-08
6595	5e-08
6596	1e-08
6597	3e-08
6598	3e-08
6600	2e-08
6601	1e-08
6602	3e-08
6603	1e-08
6604	2e-08
6605	4e-08
6606	3e-08
6607	2e-08
6608	1e-08
6609	4e-08
6610	4e-08
6611	2e-08
6612	1e-08
6613	2e-08
6614	1e-08
6615	4e-08
6616	3e-08
6617	2e-08
6618	1e-08
6619	1e-08
6621	1e-08
6622	3e-08
6623	3e-08
6624	2e-08
6625	2e-08
6626	2e-08
6627	4e-08
6628	2e-08
6629	6e-08
6630	3e-08
6631	5e-08
6632	2e-08
6633	5e-08
6634	3e-08
6635	1e-08
6636	1e-08
6637	3e-08
6638	2e-08
6640	6e-08
6641	7e-08
6642	3e-08
6643	4e-08
6644	1e-08
6645	1e-08
6646	2e-08
6647	4e-08
6649	6e-08
6650	6e-08
6651	3e-08
6652	5e-08
6653	3e-08
6654	6e-08
6655	1e-08
6656	4e-08
6657	6e-08
6658	1e-08
6659	3e-08
6660	5e-08
6661	4e-08
6662	2e-08
6663	3e-08
6664	4e-08
6665	2e-08
6666	2e-08
6667	1e-08
6668	3e-08
6669	2e-08
6670	1e-08
6671	3e-08
6672	2e-08
6673	3e-08
6675	3e-08
6676	2e-08
6677	1e-08
6678	3e-08
6679	6e-08
6680	3e-08
6681	1e-08
6682	2e-08
6683	3e-08
6684	4e-08
6685	2e-08
6686	3e-08
6687	1e-08
6688	2e-08
6689	3e-08
6690	6e-08
6691	6e-08
6692	3e-08
6693	5e-08
6695	3e-08
6696	4e-08
6697	3e-08
6698	4e-08
6699	3e-08
6700	1e-08
6701	2e-08
6702	1e-08
6703	9e-08
6704	4e-08
6705	2e-08
6706	3e-08
6707	2e-08
6708	4e-08
6709	2e-08
6710	1.1e-07
6711	4e-08
6712	5e-08
6713	1e-08
6714	2e-08
6715	5e-08
6716	4e-08
6717	1e-08
6718	2e-08
6719	3e-08
6720	3e-08
6721	4e-08
6722	2e-08
6723	6e-08
6724	3e-08
6725	4e-08
6726	3e-08
6727	3e-08
6728	1e-08
6729	4e-08
6730	2e-08
6731	2e-08
6732	4e-08
6733	6e-08
6734	2e-08
6735	3e-08
6736	3e-08
6737	3e-08
6738	3e-08
6739	5e-08
6740	4e-08
6741	2e-08
6742	2e-08
6744	1e-08
6745	5e-08
6746	4e-08
6747	1e-08
6749	3e-08
6750	3e-08
6751	1e-08
6752	5e-08
6753	5e-08
6754	5e-08
6755	5e-08
6756	3e-08
6757	3e-08
6758	1e-08
6759	3e-08
6760	3e-08
6761	4e-08
6762	2e-08
6763	4e-08
6764	3e-08
6765	2e-08
6766	3e-08
6767	1.2e-07
6768	1e-08
6769	4e-08
6770	1e-08
6771	1e-08
6772	4e-08
6773	1e-08
6774	1e-08
6775	3e-08
6776	1e-08
6777	2e-08
6778	2e-08
6779	4e-08
6780	3e-08
6781	4e-08
6782	2e-08
6783	3e-08
6784	3e-08
6785	6e-08
6786	5e-08
6788	3e-08
6789	5e-08
6790	7e-08
6791	1e-08
6792	4e-08
6793	6e-08
6794	1e-08
6795	4e-08
6796	6e-08
6797	1e-08
6798	3e-08
6799	1e-08
6800	1e-08
6801	4e-08
6802	4e-08
6803	3e-08
6805	5e-08
6806	3e-08
6807	2e-08
6808	2e-08
6809	2e-08
6810	3e-08
6811	6e-08
6812	4e-08
6813	3e-08
6814	1e-08
6815	1e-08
6816	3e-08
6817	4e-08
6818	2e-08
6819	2e-08
6820	4e-08
6821	3e-08
6822	2e-08
6823	1e-08
6824	3e-08
6825	3e-08
6826	2e-08
6827	4e-08
6829	2e-08
6830	2e-08
6831	2e-08
6832	3e-08
6833	2e-08
6834	2e-08
6835	4e-08
6836	1e-08
6837	3e-08
6838	1e-08
6839	2e-08
6840	4e-08
6841	2e-08
6842	1e-08
6843	1e-08
6844	3e-08
6845	2e-08
6846	2e-08
6847	5e-08
6848	4e-08
6850	3e-08
6851	2e-08
6852	2e-08
6853	3e-08
6854	2e-08
6856	5e-08
6857	4e-08
6858	5e-08
6859	1e-08
6860	2e-08
6861	3e-08
6862	2e-08
6863	4e-08
6864	3e-08
6865	1e-08
6866	2e-08
6867	5e-08
6868	2e-08
6869	5e-08
6870	3e-08
6871	3e-08
6872	2e-08
6873	4e-08
6874	5e-08
6875	3e-08
6876	3e-08
6878	1e-08
6879	4e-08
6880	2e-08
6881	6e-08
6882	4e-08
6883	1e-08
6884	4e-08
6885	6e-08
6886	3e-08
6887	1e-08
6888	1e-08
6889	1e-08
6890	3e-08
6891	1e-08
6892	2e-08
6893	3e-08
6894	4e-08
6895	4e-08
6896	4e-08
6897	4e-08
6898	1e-08
6899	1e-08
6900	3e-08
6901	4e-08
6904	3e-08
6905	5e-08
6906	3e-08
6909	4e-08
6910	5e-08
6911	1e-08
6912	4e-08
6913	2e-08
6914	2e-08
6915	3e-08
6916	3e-08
6917	2e-08
6918	4e-08
6919	3e-08
6920	4e-08
6921	3e-08
6922	3e-08
6923	3e-08
6924	2e-08
6926	4e-08
6927	3e-08
6928	2e-08
6929	4e-08
6930	3e-08
6931	2e-08
6932	3e-08
6933	2e-08
6934	5e-08
6935	8e-08
6936	1e-08
6937	4e-08
6938	3e-08
6939	3e-08
6940	2e-08
6941	2e-08
6942	2e-08
6943	1e-08
6945	2e-08
6946	3e-08
6947	4e-08
6948	1e-08
6949	4e-08
6950	1e-08
6951	3e-08
6952	3e-08
6953	2e-08
6954	2e-08
6956	2e-08
6957	4e-08
6958	7e-08
6959	2e-08
6960	4e-08
6961	2e-08
6962	2e-08
6963	5e-08
6964	3e-08
6965	1e-08
6966	1e-08
6968	8e-08
6969	4e-08
6970	4e-08
6972	4e-08
6973	3e-08
6974	2e-08
6975	2e-08
6976	4e-08
6977	3e-08
6978	2e-08
6979	5e-08
6980	1e-08
6981	4e-08
6982	4e-08
6983	2e-08
6984	1e-08
6985	2e-08
6986	4e-08
6988	1e-08
6989	1e-08
6990	1e-08
6991	2e-08
6992	3e-08
6993	3e-08
6994	2e-08
6995	2e-08
6996	2e-08
6997	4e-08
6998	3e-08
6999	2e-08
7001	1e-08
7003	1e-08
7005	5e-08
7006	2e-08
7007	2e-08
7008	2e-08
7009	3e-08
7010	4e-08
7011	3e-08
7012	5e-08
7013	3e-08
7014	1e-08
7015	2e-08
7016	1e-08
7017	4e-08
7018	3e-08
7019	3e-08
7020	2e-08
7021	1e-08
7022	5e-08
7023	6e-08
7024	5e-08
7025	2e-08
7026	3e-08
7027	2e-08
7028	1e-08
7029	4e-08
7030	1e-08
7031	5e-08
7032	5e-08
7033	2e-08
7034	3e-08
7035	2e-08
7036	3e-08
7037	1e-08
7038	2e-08
7039	1e-08
7040	1e-08
7041	4e-08
7042	1e-08
7043	1e-08
7044	5e-08
7045	2e-08
7046	6e-08
7047	6e-08
7048	4e-08
7049	2e-08
7050	5e-08
7051	3e-08
7052	1e-08
7053	1e-08
7054	2e-08
7055	1e-08
7057	1e-08
7058	3e-08
7059	4e-08
7060	2e-08
7062	3e-08
7063	2e-08
7064	2e-08
7065	3e-08
7067	5e-08
7068	2e-08
7069	1e-08
7070	2e-08
7071	3e-08
7072	3e-08
7073	2e-08
7074	3e-08
7075	1e-08
7076	1e-08
7077	3e-08
7078	3e-08
7079	2e-08
7080	2e-08
7081	1e-08
7082	1e-08
7083	3e-08
7084	2e-08
7085	2e-08
7086	2e-08
7087	3e-08
7088	4e-08
7089	1e-08
7091	7e-08
7092	8e-08
7093	2e-08
7094	5e-08
7095	3e-08
7096	3e-08
7098	2e-08
7099	2e-08
7101	6e-08
7102	6e-08
7103	4e-08
7105	5e-08
7106	3e-08
7107	4e-08
7108	2e-08
7109	2e-08
7111	2e-08
7112	2e-08
7113	1e-08
7114	2e-08
7116	3e-08
7117	1e-08
7118	3e-08
7119	2e-08
7120	2e-08
7121	4e-08
7122	4e-08
7123	3e-08
7124	2e-08
7125	4e-08
7126	2e-08
7127	4e-08
7128	2e-08
7129	1e-08
7130	1e-08
7131	3e-08
7132	1e-08
7133	2e-08
7134	1e-08
7135	5e-08
7136	3e-08
7137	6e-08
7138	2e-08
7139	4e-08
7140	9e-08
7141	3e-08
7142	3e-08
7143	1e-08
7144	1e-08
7145	4e-08
7146	3e-08
7147	3e-08
7148	1e-08
7149	4e-08
7150	1e-08
7152	3e-08
7153	2e-08
7154	3e-08
7155	4e-08
7157	2e-08
7159	2e-08
7160	1e-08
7161	2e-08
7162	2e-08
7163	4e-08
7164	8e-08
7165	1e-08
7166	3e-08
7167	2e-08
7168	3e-08
7169	2e-08
7170	2e-08
7171	2e-08
7172	1e-08
7173	3e-08
7174	2e-08
7176	1e-08
7177	3e-08
7178	5e-08
7179	3e-08
7180	2e-08
7181	3e-08
7182	2e-08
7183	1e-08
7184	4e-08
7185	2e-08
7186	3e-08
7187	2e-08
7188	2e-08
7189	2e-08
7190	1e-08
7191	4e-08
7192	3e-08
7195	3e-08
7196	3e-08
7197	4e-08
7198	2e-08
7199	3e-08
7200	1e-08
7201	2e-08
7202	2e-08
7203	3e-08
7204	2e-08
7205	1e-08
7206	1e-08
7207	4e-08
7208	3e-08
7209	1e-08
7210	2e-08
7211	3e-08
7212	4e-08
7214	3e-08
7215	6e-08
7216	3e-08
7218	3e-08
7219	3e-08
7220	2e-08
7222	2e-08
7223	1e-08
7224	6e-08
7225	1e-08
7226	1e-08
7227	1e-08
7228	3e-08
7229	1e-08
7230	1e-08
7231	1e-08
7232	1e-08
7233	2e-08
7234	4e-08
7236	5e-08
7237	4e-08
7238	5e-08
7239	4e-08
7240	1e-08
7241	1e-08
7242	4e-08
7243	1e-08
7244	6e-08
7245	2e-08
7246	1e-08
7247	2e-08
7249	3e-08
7250	3e-08
7253	2e-08
7255	1e-08
7256	3e-08
7257	1e-08
7258	2e-08
7259	3e-08
7260	3e-08
7261	1e-08
7262	3e-08
7263	1e-08
7264	3e-08
7265	3e-08
7266	3e-08
7267	1e-08
7268	3e-08
7269	1e-08
7270	1e-08
7271	1e-08
7272	2e-08
7273	4e-08
7274	1e-08
7275	4e-08
7276	3e-08
7277	2e-08
7278	1e-08
7279	1e-08
7281	2e-08
7283	4e-08
7284	2e-08
7285	1e-08
7286	4e-08
7288	1e-08
7289	1e-08
7290	2e-08
7291	3e-08
7292	2e-08
7293	2e-08
7294	1e-08
7295	5e-08
7296	2e-08
7297	3e-08
7299	2e-08
7300	1e-08
7302	5e-08
7303	2e-08
7304	3e-08
7305	3e-08
7306	3e-08
7308	2e-08
7309	6e-08
7310	1e-08
7311	4e-08
7312	2e-08
7313	2e-08
7314	3e-08
7315	2e-08
7317	3e-08
7319	1e-08
7320	1e-08
7322	5e-08
7323	4e-08
7324	1e-08
7325	1e-08
7327	1e-08
7328	2e-08
7329	1e-08
7330	5e-08
7331	2e-08
7332	2e-08
7333	1e-08
7334	3e-08
7336	2e-08
7337	1e-08
7338	1e-08
7339	1e-08
7340	3e-08
7341	2e-08
7342	2e-08
7343	1e-08
7344	2e-08
7345	2e-08
7346	2e-08
7348	2e-08
7349	4e-08
7350	2e-08
7351	1e-08
7352	3e-08
7353	2e-08
7354	2e-08
7355	1e-08
7356	1e-08
7357	2e-08
7358	2e-08
7359	3e-08
7360	2e-08
7361	1e-08
7362	1e-08
7363	5e-08
7364	4e-08
7366	1e-08
7367	3e-08
7368	3e-08
7370	1e-08
7371	2e-08
7372	2e-08
7373	1e-08
7374	2e-08
7375	3e-08
7376	1e-08
7377	5e-08
7378	3e-08
7379	2e-08
7380	2e-08
7381	2e-08
7382	2e-08
7383	3e-08
7384	2e-08
7385	2e-08
7386	2e-08
7387	2e-08
7388	5e-08
7389	4e-08
7390	3e-08
7392	2e-08
7393	3e-08
7394	2e-08
7395	2e-08
7396	2e-08
7401	3e-08
7402	2e-08
7403	1e-08
7404	2e-08
7405	1e-08
7406	2e-08
7407	4e-08
7408	2e-08
7409	2e-08
7410	3e-08
7411	3e-08
7412	2e-08
7413	3e-08
7415	3e-08
7416	2e-08
7417	2e-08
7418	1e-08
7419	1e-08
7421	2e-08
7422	1e-08
7423	2e-08
7424	2e-08
7425	3e-08
7426	1e-08
7427	1e-08
7428	2e-08
7429	1e-08
7430	4e-08
7431	3e-08
7432	1e-08
7434	2e-08
7435	2e-08
7436	1e-08
7437	2e-08
7438	2e-08
7439	1e-08
7440	5e-08
7441	3e-08
7442	5e-08
7443	3e-08
7444	2e-08
7447	1e-08
7448	2e-08
7449	3e-08
7450	1e-08
7451	2e-08
7453	1e-08
7454	2e-08
7458	1e-08
7459	1e-08
7460	3e-08
7463	3e-08
7465	2e-08
7466	1e-08
7467	2e-08
7468	1e-08
7470	1e-08
7471	1e-08
7472	2e-08
7474	2e-08
7475	2e-08
7476	4e-08
7477	2e-08
7479	3e-08
7480	1e-08
7481	1e-08
7484	1e-08
7485	2e-08
7486	2e-08
7488	1e-08
7489	5e-08
7491	2e-08
7492	1e-08
7493	2e-08
7494	1e-08
7495	1e-08
7496	3e-08
7499	1e-08
7500	4e-08
7501	1e-08
7502	1e-08
7503	2e-08
7504	1e-08
7505	1e-08
7507	2e-08
7508	1e-08
7510	4e-08
7511	2e-08
7512	1e-08
7513	2e-08
7514	7e-08
7518	1e-08
7519	2e-08
7521	3e-08
7522	1e-08
7523	4e-08
7524	1e-08
7525	2e-08
7526	1e-08
7527	3e-08
7528	5e-08
7530	1e-08
7531	2e-08
7532	2e-08
7533	2e-08
7534	1e-08
7535	2e-08
7536	1e-08
7539	1e-08
7541	1e-08
7542	1e-08
7543	3e-08
7544	2e-08
7545	1e-08
7546	2e-08
7547	2e-08
7548	2e-08
7549	1e-08
7550	2e-08
7554	1e-08
7556	4e-08
7558	3e-08
7560	1e-08
7563	1e-08
7564	2e-08
7565	3e-08
7567	1e-08
7568	1e-08
7570	3e-08
7571	1e-08
7572	1e-08
7573	1e-08
7574	2e-08
7575	3e-08
7576	1e-08
7577	1e-08
7581	1e-08
7582	2e-08
7583	2e-08
7585	1e-08
7587	1e-08
7588	2e-08
7589	2e-08
7590	1e-08
7591	2e-08
7592	1e-08
7593	1e-08
7594	1e-08
7595	1e-08
7597	3e-08
7599	2e-08
7602	1e-08
7605	1e-08
7606	4e-08
7607	1e-08
7608	1e-08
7609	2e-08
7610	5e-08
7611	2e-08
7614	1e-08
7616	2e-08
7618	2e-08
7619	2e-08
7620	1e-08
7621	3e-08
7622	3e-08
7625	1e-08
7626	2e-08
7627	1e-08
7628	1e-08
7631	1e-08
7633	2e-08
7634	1e-08
7635	2e-08
7636	1e-08
7637	1e-08
7639	2e-08
7640	1e-08
7641	3e-08
7644	1e-08
7645	1e-08
7646	1e-08
7648	1e-08
7649	4e-08
7651	2e-08
7653	1e-08
7654	2e-08
7656	2e-08
7658	1e-08
7659	3e-08
7660	2e-08
7661	2e-08
7662	1e-08
7663	1e-08
7665	1e-08
7666	1e-08
7668	3e-08
7669	3e-08
7671	2e-08
7673	2e-08
7674	2e-08
7675	1e-08
7676	1e-08
7677	2e-08
7679	1e-08
7680	1e-08
7682	1e-08
7684	1e-08
7685	2e-08
7687	1e-08
7689	1e-08
7692	4e-08
7693	1e-08
7694	1e-08
7698	1e-08
7699	4e-08
7700	2e-08
7701	1e-08
7702	1e-08
7703	1e-08
7706	1e-08
7709	1e-08
7711	2e-08
7712	1e-08
7713	2e-08
7714	2e-08
7715	1e-08
7717	1e-08
7718	1e-08
7719	1e-08
7720	1e-08
7722	1e-08
7723	2e-08
7724	1e-08
7727	3e-08
7728	3e-08
7729	1e-08
7731	2e-08
7734	1e-08
7736	3e-08
7737	2e-08
7738	1e-08
7740	1e-08
7741	1e-08
7744	2e-08
7745	1e-08
7751	2e-08
7752	1e-08
7754	1e-08
7755	1e-08
7756	1e-08
7758	1e-08
7759	1e-08
7760	1e-08
7761	2e-08
7762	2e-08
7764	3e-08
7765	1e-08
7768	1e-08
7770	1e-08
7771	1e-08
7772	1e-08
7776	1e-08
7777	2e-08
7778	2e-08
7781	1e-08
7784	1e-08
7786	1e-08
7790	1e-08
7791	2e-08
7792	1e-08
7794	3e-08
7795	1e-08
7796	1e-08
7797	1e-08
7807	4e-08
7808	1e-08
7811	1e-08
7812	1e-08
7814	1e-08
7815	2e-08
7816	1e-08
7819	1e-08
7822	1e-08
7824	1e-08
7825	3e-08
7831	1e-08
7833	1e-08
7835	1e-08
7836	1e-08
7841	1e-08
7842	1e-08
7844	1e-08
7848	1e-08
7849	1e-08
7854	1e-08
7862	1e-08
7866	1e-08
7868	3e-08
7869	2e-08
7872	1e-08
7875	3e-08
7876	1e-08
7877	1e-08
7884	2e-08
7886	2e-08
7888	2e-08
7889	1e-08
7892	1e-08
7894	1e-08
7898	1e-08
7899	1e-08
7900	2e-08
7901	1e-08
7907	1e-08
7908	2e-08
7911	1e-08
7915	1e-08
7916	1e-08
7918	1e-08
7919	1e-08
7923	1e-08
7928	2e-08
7929	1e-08
7933	1e-08
7934	1e-08
7935	1e-08
7936	1e-08
7944	1e-08
7947	1e-08
7948	2e-08
7953	1e-08
7954	2e-08
7956	1e-08
7957	1e-08
7958	1e-08
7968	1e-08
7972	1e-08
7979	1e-08
7980	1e-08
7984	2e-08
7987	2e-08
7988	1e-08
7992	1e-08
7997	1e-08
8008	1e-08
8009	1e-08
8010	1e-08
8018	1e-08
8024	1e-08
8036	1e-08
8037	1e-08
8038	1e-08
8043	1e-08
8045	1e-08
8047	1e-08
8059	2e-08
8061	1e-08
8076	1e-08
8078	1e-08
8090	2e-08
8091	2e-08
8094	1e-08
8107	1e-08
8115	2e-08
8119	2e-08
8125	1e-08
8128	1e-08
8132	1e-08
8142	1e-08
8143	1e-08
8144	1e-08
8168	1e-08
8187	1e-08
8215	1e-08
8217	1e-08
8222	1e-08
8236	1e-08
8245	1e-08
8249	1e-08
8277	1e-08
8278	1e-08
8381	1e-08
8382	1e-08
8385	1e-08
8398	1e-08
8556	1e-08
